
																									
Interferometer Scan																									
Wednesday, June 03, 2015	11:55:24 AM																								
X position (cm)																									
0.000000																									
Y position (cm)																									
0.000000																									
Interferometer Positions (um)																									
1545.478875	1482.947250	1504.854750	1501.711500	1486.090500	1498.615875	1526.714625	1523.571375	1507.950375	1489.233750	1548.574500	1492.329375	1495.472625	1532.953500	1520.475750	1529.857875	1542.335625	1536.096750	1539.240000	1476.708375	1511.093625	1473.612750	1517.332500	1479.851625	1514.236875	1511.093625
Fringe Signal																									
0.863781	6.872815	0.884903	0.880792	4.287539	1.096290	0.867037	0.880319	0.889549	2.405138	0.894609	1.591100	1.405082	0.927686	0.904805	0.946873	0.878242	0.864843	0.883345	16.809219	0.939645	20.452432	0.926221	10.881629	0.920782	0.916568
Laser Intensity Signal																									
32138.610606	39929.314017	32040.694579	59210.017014	59016.499692	51503.029289	51403.117036	58928.377364	58977.981563	51210.972037	39525.580800	39633.459610	36375.661117	30850.587034	45908.740014	47823.138324	38563.971072	38667.870536	47376.680878	45788.276982	47595.602575	40286.955766	47337.203302	47314.470175	46836.337869	47375.482880
Gaussian Fit																									
Amplitude   dAmplitude   Center   dCenter   Width   dWidth																									
23.698657	4.268143	1468.356915	3.537718	9.568236	1.607773																				

																									
Interferometer Scan																									
Wednesday, June 03, 2015	11:56:11 AM																								
X position (cm)																									
13.000000																									
Y position (cm)																									
0.000000																									
Interferometer Positions (um)																									
1437.084375	1446.466500	1430.845500	1433.988750	1477.708500	1465.230750	1493.377125	1474.612875	1480.851750	1449.609750	1483.995000	1505.854875	1496.472750	1440.227625	1499.616000	1487.090625	1471.469625	1443.370875	1452.753000	1502.711625	1468.374000	1490.233875	1462.087500	1455.848625	1458.991875	1468.374000
Fringe Signal																									
0.964294	0.893246	0.904921	0.918656	2.743714	1.005433	24.418427	1.676079	4.790880	0.916748	9.526503	7.264933	20.420897	0.900353	18.156376	16.929622	1.196796	0.912861	0.928969	13.491183	1.030207	21.065309	0.947109	0.923187	0.898221	0.970838
Laser Intensity Signal																									
43937.831322	63543.312384	63242.402529	63516.130673	63458.250588	55633.718804	63244.476088	55511.640965	55721.218540	55550.721393	63046.072402	55712.101171	63219.779502	63273.751020	62982.018826	43860.019118	43991.114711	43943.236731	53715.221873	46040.657428	46075.446559	46046.609408	53711.386706	46064.094413	45973.585265	46170.037289
Gaussian Fit																									
Amplitude   dAmplitude   Center   dCenter   Width   dWidth																									
23.485706	0.576053	1493.966568	0.224636	7.818629	0.241198																				

																									
Interferometer Scan																									
Wednesday, June 03, 2015	11:56:57 AM																								
X position (cm)																									
26.000000																									
Y position (cm)																									
0.000000																									
Interferometer Positions (um)																									
1522.095000	1462.706625	1475.232000	1456.467750	1512.712875	1490.853000	1503.330750	1497.091875	1500.235125	1531.477125	1528.333875	1478.327625	1506.474000	1525.238250	1468.945500	1518.951750	1487.709750	1515.856125	1459.611000	1472.088750	1493.948625	1465.849875	1481.470875	1509.569625	1484.614125	1493.948625
Fringe Signal																									
2.154829	1.079304	1.050040	1.051529	7.811654	10.602904	23.207158	21.060583	22.412172	0.974670	1.027185	1.196844	16.878602	1.360109	1.100712	2.518185	6.113619	4.370097	1.053008	1.071614	14.324384	1.029312	1.337048	12.938522	3.160419	13.960389
Laser Intensity Signal																									
46337.102971	38703.016182	46646.499738	46456.048189	46545.836442	56289.186284	56257.154908	56400.259318	55995.729183	56029.194486	56100.272210	56051.537019	48546.742272	56214.400532	56131.333652	48172.268257	56303.840133	48606.672323	48540.982968	56181.490975	56054.965862	56171.924029	48156.896133	56126.957158	56184.682578	56192.249364
Gaussian Fit																									
Amplitude   dAmplitude   Center   dCenter   Width   dWidth																									
22.572444	0.552119	1501.125443	0.217462	8.107263	0.230682																				

																									
Interferometer Scan																									
Wednesday, June 03, 2015	11:57:37 AM																								
X position (cm)																									
26.000000																									
Y position (cm)																									
4.000000																									
Interferometer Positions (um)																									
1479.232500	1469.898000	1476.136875	1463.611500	1504.235625	1516.761000	1482.375750	1526.143125	1519.856625	1472.993625	1466.754750	1501.140000	1507.378875	1488.614625	1529.238750	1532.382000	1491.757875	1485.519000	1510.522125	1522.999875	1513.617750	1535.477625	1494.853500	1497.996750	1538.620875	1501.140000
Fringe Signal																									
1.225339	0.981996	1.028729	0.979415	23.278481	4.793675	1.600590	1.398132	2.230884	1.001111	0.948348	23.429339	20.125953	4.896264	1.041938	0.937087	10.478205	2.908093	13.327087	2.126426	6.937941	0.938081	15.911655	19.384989	0.953646	23.860522
Laser Intensity Signal																									
58388.999045	58261.857894	38731.526963	46383.803924	46512.496968	46487.525130	38845.227991	65983.314657	65838.262518	65858.785772	65657.632195	66020.013507	66174.568366	58305.802404	65902.928200	58283.200348	58296.245944	58143.949455	66250.151035	66182.263603	58302.361764	58106.221691	65957.264097	66120.484127	46508.834816	46440.012841
Gaussian Fit																									
Amplitude   dAmplitude   Center   dCenter   Width   dWidth																									
23.720623	0.457570	1502.195155	0.203179	7.974986	0.195651																				

																									
Interferometer Scan																									
Wednesday, June 03, 2015	11:58:24 AM																								
X position (cm)																									
13.000000																									
Y position (cm)																									
4.000000																									
Interferometer Positions (um)																									
1517.808750	1477.184625	1524.047625	1489.710000	1486.566750	1511.569875	1474.089000	1536.573000	1502.187750	1530.334125	1527.190875	1467.802500	1508.426625	1480.327875	1539.716250	1495.948875	1533.429750	1505.331000	1514.713125	1464.706875	1483.423500	1499.092125	1492.805625	1520.952000	1470.945750	1502.187750
Fringe Signal																									
1.855022	1.395132	1.239534	13.980664	8.668134	6.721974	1.158463	0.853238	19.739719	0.884819	0.918868	0.899578	9.965419	2.345192	0.850625	24.130085	0.848142	12.071520	3.326707	0.943767	2.941809	21.986527	21.784690	1.315350	0.885112	19.426407
Laser Intensity Signal																									
63611.224719	44359.542374	44347.903181	36531.794084	44112.773120	44192.483246	44283.634647	63425.284669	63782.155715	63584.788808	44117.925560	56225.600635	55773.251502	63351.999693	63608.271667	55830.966436	44009.082061	44223.501435	56002.525266	44096.763986	44091.793736	36752.481321	44396.098355	55989.048443	55985.353523	44314.790461
Gaussian Fit																									
Amplitude   dAmplitude   Center   dCenter   Width   dWidth																									
23.487794	0.652193	1497.451953	0.258784	7.981724	0.270177																				

																									
Interferometer Scan																									
Wednesday, June 03, 2015	11:59:10 AM																								
X position (cm)																									
0.000000																									
Y position (cm)																									
4.000000																									
Interferometer Positions (um)																									
1463.087625	1525.571625	1466.183250	1494.329625	1478.708625	1513.093875	1484.947500	1534.953750	1472.469750	1522.428375	1497.472875	1488.090750	1475.565375	1509.950625	1459.944375	1516.189500	1500.568500	1469.326500	1503.711750	1491.186375	1506.807375	1528.714875	1519.332750	1531.810500	1481.804250	1497.472875
Fringe Signal																									
1.263465	0.937043	1.515009	11.405002	14.140728	1.108202	21.216217	1.000864	5.252167	0.995343	5.867287	18.805627	9.845842	1.278421	1.044449	0.999814	3.465598	2.791447	2.847172	14.145001	1.942537	1.008294	1.004035	1.029319	20.394239	7.469555
Laser Intensity Signal																									
62266.280509	54320.937042	54492.811756	62324.489585	62348.310610	62042.515702	62401.215201	62342.472663	62043.977155	54416.088760	62390.213018	62309.382226	35093.689139	42845.056532	62182.750945	54511.764767	42712.901878	42822.459720	42784.868270	42935.801610	62538.945659	54730.446602	62363.594916	54608.030597	42923.237048	42974.653972
Gaussian Fit																									
Amplitude   dAmplitude   Center   dCenter   Width   dWidth																									
20.596787	0.572213	1485.217389	0.250084	8.105090	0.245924																				

																									
Interferometer Scan																									
Wednesday, June 03, 2015	11:59:50 AM																								
X position (cm)																									
0.000000																									
Y position (cm)																									
8.000000																									
Interferometer Positions (um)																									
1460.230125	1466.469000	1513.332000	1500.854250	1516.475250	1482.090000	1503.949875	1478.946750	1453.943625	1450.848000	1475.851125	1497.711000	1472.707875	1463.325750	1447.704750	1469.612250	1491.472125	1507.093125	1485.233250	1457.086875	1522.714125	1519.570875	1510.236375	1494.615375	1488.328875	1485.233250
Fringe Signal																									
1.030767	1.021172	2.124998	12.276353	1.487782	8.046834	10.488001	4.227955	1.029496	1.029070	1.867849	20.526135	1.335473	1.068067	0.990488	1.096306	21.705929	6.622808	13.140007	1.067147	1.075539	1.231776	2.464974	21.721220	19.774627	12.252654
Laser Intensity Signal																									
64676.664443	64633.920553	57140.089979	64668.707062	64786.505400	64865.034568	64613.554586	57238.025667	45130.484285	45162.161766	45108.824637	45353.515090	45154.349875	45132.450365	64909.166510	64909.972603	64805.268357	64469.665055	45104.001188	45163.262771	45103.402189	64818.068849	65174.823240	65146.821018	64323.931341	64408.800461
Gaussian Fit																									
Amplitude   dAmplitude   Center   dCenter   Width   dWidth																									
22.253408	0.608983	1493.497797	0.242797	8.176035	0.255312																				

																									
Interferometer Scan																									
Wednesday, June 03, 2015	12:00:36 PM																								
X position (cm)																									
13.000000																									
Y position (cm)																									
8.000000																									
Interferometer Positions (um)																									
1477.851375	1499.758875	1462.230375	1455.991500	1524.762000	1493.520000	1531.000875	1459.134750	1474.755750	1468.516875	1480.994625	1496.615625	1502.854500	1471.612500	1521.618750	1505.997750	1515.379875	1465.373625	1484.137875	1487.233500	1518.475500	1527.857625	1512.236625	1490.376750	1509.141000	1493.520000
Fringe Signal																									
1.233122	23.373154	0.942676	0.930904	1.457838	17.922553	0.982207	0.946359	1.044104	0.930242	1.311443	21.456090	22.997018	0.930294	1.776619	17.506583	5.337515	0.947237	2.432120	4.308395	3.363812	1.048540	7.788710	10.006866	12.974832	17.213578
Laser Intensity Signal																									
65235.196314	57537.888256	57593.698714	65177.820856	65295.485501	45774.770012	45710.952366	45905.012326	46027.489935	45667.761521	45735.683031	45739.861606	45672.322826	45476.186685	38038.652846	65228.925829	38376.070185	46013.313188	45810.812191	45958.125322	46041.375703	45876.695532	45812.780892	45851.753841	38302.656758	45937.206231
Gaussian Fit																									
Amplitude   dAmplitude   Center   dCenter   Width   dWidth																									
23.698511	0.580793	1500.413161	0.217508	8.058065	0.230826																				

																									
Interferometer Scan																									
Wednesday, June 03, 2015	12:01:23 PM																								
X position (cm)																									
26.000000																									
Y position (cm)																									
8.000000																									
Interferometer Positions (um)																									
1519.142250	1491.043500	1500.425625	1522.285500	1494.186750	1462.897125	1472.279250	1497.282375	1475.422500	1509.807750	1506.664500	1487.900250	1531.667625	1534.810875	1525.428750	1466.040375	1478.518125	1484.804625	1503.521250	1481.661375	1516.046625	1537.906500	1469.183625	1528.524375	1512.903375	1500.425625
Fringe Signal																									
3.659516	7.382394	21.881950	2.217679	13.277297	0.931200	0.974476	16.583136	0.993913	16.342164	18.229616	3.741854	0.934824	0.894423	1.330100	0.960730	1.011469	1.549684	21.855353	1.290872	6.701252	0.873776	0.927636	1.153162	8.186196	23.442754
Laser Intensity Signal																									
46793.713254	46578.166661	38911.381340	46761.731686	46582.648013	46660.115497	46941.980590	46861.073777	39188.149043	46745.054085	39150.409482	46630.979502	46765.901087	46730.843259	46625.319813	46707.636961	46921.366897	46743.759094	46723.993436	66237.026796	66262.083830	66413.397279	58722.986230	66216.966226	66092.227625	66451.796132
Gaussian Fit																									
Amplitude   dAmplitude   Center   dCenter   Width   dWidth																									
22.324292	0.551459	1502.683941	0.256286	8.092632	0.252170																				

																									
Interferometer Scan																									
Wednesday, June 03, 2015	12:02:26 PM																								
X position (cm)																									
0.000000																									
Y position (cm)																									
0.000000																									
Interferometer Positions (um)																									
1465.183125	1512.046125	1493.329500	1515.189375	1483.947375	1487.043000	1496.425125	1474.565250	1527.667125	1499.568375	1505.807250	1480.804125	1502.664000	1518.332625	1530.810375	1468.326375	1537.049250	1521.428250	1533.953625	1490.186250	1508.950500	1540.192500	1471.422000	1524.571500	1477.660875	1502.664000
Fringe Signal																									
12.363820	0.849755	1.398026	0.855345	6.417006	4.727017	1.288746	17.844555	0.848012	1.009162	0.857132	10.059425	0.892269	0.851564	0.828476	18.346622	0.856547	0.850297	0.885677	2.090662	0.877782	0.890252	20.041442	0.846070	13.863392	0.925257
Laser Intensity Signal																									
39765.695529	32174.107525	59423.830835	51695.237202	59147.909857	59429.887672	59451.161969	51576.699617	51421.676831	59068.161720	39717.931581	51766.077686	59477.701427	59459.517809	59368.450294	59242.100818	59192.112579	51271.600701	59187.352044	31953.177805	32054.711419	39465.645507	32068.818698	32040.491418	39716.671980	39680.325714
Gaussian Fit																									
Amplitude   dAmplitude   Center   dCenter   Width   dWidth																									
19.018489	0.559722	1471.866000	0.383915	8.278998	0.417582																				
