
																									
Interferometer Scan																									
Wednesday, June 03, 2015	11:25:01 AM																								
X position (cm)																									
0.000000																									
Y position (cm)																									
0.000000																									
Interferometer Positions (um)																									
1431.845625	1422.511125	1444.371000	1428.750000	1484.995125	1494.377250	1425.606750	1481.851875	1463.135250	1478.756250	1456.848750	1441.227750	1453.753125	1434.988875	1447.514250	1438.132125	1450.609875	1491.234000	1475.613000	1488.138375	1497.472875	1466.230875	1459.992000	1469.374125	1472.469750	1459.992000
Fringe Signal																									
0.859127	0.826440	1.566774	0.804885	0.966256	0.794930	0.814721	1.064161	9.326751	1.491112	11.457132	1.329777	8.049805	0.896354	2.957783	0.998320	4.814602	0.770990	1.766633	0.826217	0.756262	6.663847	11.096022	5.084261	3.249992	10.689675
Laser Intensity Signal																									
36329.606349	36183.024599	28751.238267	55615.921848	48080.738058	55631.870689	55368.186593	55452.731965	55510.631711	55638.112338	55763.042304	47958.732308	47845.989417	48000.286065	55848.651981	55505.851515	48011.153244	55568.805396	48125.251420	55609.305334	55638.135931	36255.945196	28748.505416	55485.443604	48143.736504	55593.359114
Gaussian Fit																									
Amplitude   dAmplitude   Center   dCenter   Width   dWidth																									
10.769842	0.384320	1459.600487	0.376832	7.941174	0.361535																				

																									
Interferometer Scan																									
Wednesday, June 03, 2015	11:25:47 AM																								
X position (cm)																									
13.000000																									
Y position (cm)																									
0.000000																									
Interferometer Positions (um)																									
1456.467750	1434.607875	1490.853000	1487.709750	1478.327625	1440.846750	1497.091875	1453.372125	1425.225750	1428.369000	1468.993125	1481.470875	1443.990000	1447.085625	1462.706625	1484.614125	1465.849875	1450.228875	1437.703500	1472.088750	1475.232000	1422.082500	1459.611000	1493.996250	1431.464625	1459.611000
Fringe Signal																									
2.080569	0.869220	2.712209	3.431115	12.958415	0.836639	1.286728	1.130333	0.857327	0.889434	12.511249	10.882702	0.853934	0.887423	4.830423	7.147681	10.141850	0.976931	0.925999	16.512841	17.048815	0.830290	2.690317	1.610807	0.860260	2.360534
Laser Intensity Signal																									
40769.354465	40569.460490	40689.202627	40429.145293	33111.586898	33076.792525	40626.042962	40552.920515	32927.449088	40295.225098	32294.941491	40517.536317	32931.222651	40482.686894	33061.745459	40227.539517	32745.164636	39756.766904	39968.803389	32787.183698	40248.889836	40306.085724	32904.110408	40432.751084	40358.895944	33023.994102
Gaussian Fit																									
Amplitude   dAmplitude   Center   dCenter   Width   dWidth																									
16.404765	0.492454	1474.239568	0.271281	7.926914	0.262094																				

																									
Interferometer Scan																									
Wednesday, June 03, 2015	11:26:34 AM																								
X position (cm)																									
26.000000																									
Y position (cm)																									
0.000000																									
Interferometer Positions (um)																									
1499.235000	1461.754125	1455.467625	1480.470750	1477.375125	1508.617125	1483.614000	1467.993000	1489.852875	1502.378250	1505.473875	1436.751000	1458.610875	1442.989875	1486.757250	1492.996125	1452.372000	1471.136250	1439.846625	1474.231875	1511.760375	1496.091750	1464.849750	1446.133125	1449.228750	1474.231875
Fringe Signal																									
1.267444	3.732768	1.314965	12.323468	14.249710	0.887426	8.033256	11.021830	3.574704	0.994165	0.967562	0.939851	1.683553	1.000246	6.025001	2.220926	1.040485	13.430579	0.978768	15.742171	0.840644	1.374206	7.020752	0.951436	0.990896	15.648719
Laser Intensity Signal																									
43329.519616	43200.040141	43191.673815	43066.194657	43148.606177	62549.301658	62716.951921	62631.485112	62404.996628	62494.737695	60222.258545	53355.771331	58674.042634	59007.860736	41556.644987	63027.627950	55142.158172	43332.245914	43286.495232	43451.879260	43392.130089	43186.666865	42911.816745	42765.047562	42926.526956	42819.325788
Gaussian Fit																									
Amplitude   dAmplitude   Center   dCenter   Width   dWidth																									
15.236223	0.375440	1475.068189	0.272710	8.388452	0.262330																				

																									
Interferometer Scan																									
Wednesday, June 03, 2015	11:27:13 AM																								
X position (cm)																									
26.000000																									
Y position (cm)																									
4.000000																									
Interferometer Positions (um)																									
1481.328000	1453.181625	1446.942750	1484.423625	1459.420500	1509.426750	1462.563750	1450.086000	1512.570000	1487.566875	1503.187875	1443.799500	1465.707000	1471.945875	1468.802625	1500.044625	1496.949000	1478.184750	1437.560625	1493.805750	1440.703875	1506.331125	1490.710125	1456.324875	1475.089125	1475.089125
Fringe Signal																									
16.868506	0.937867	0.893507	17.487021	0.998700	1.049092	1.188696	0.874653	0.850188	13.137009	1.460846	0.897042	1.801093	5.257050	3.644090	2.663196	3.230516	15.472134	0.878487	6.901915	0.899621	1.165152	8.188183	0.953004	9.104070	9.187371
Laser Intensity Signal																									
54299.365212	61613.106790	62866.828820	54588.301640	61393.098506	54234.872545	62416.153477	62600.810332	62521.971835	61814.493676	53127.160791	52761.345393	44992.221676	45361.391206	52985.908429	53021.501030	50473.171681	52720.197960	44697.611141	52297.598239	44768.802898	52235.753226	44825.038029	43481.002148	52386.645934	52371.511050
Gaussian Fit																									
Amplitude   dAmplitude   Center   dCenter   Width   dWidth																									
16.949106	0.595621	1482.838495	0.287885	7.575987	0.302900																				

																									
Interferometer Scan																									
Wednesday, June 03, 2015	11:28:00 AM																								
X position (cm)																									
13.000000																									
Y position (cm)																									
4.000000																									
Interferometer Positions (um)																									
1448.466750	1507.855125	1510.950750	1485.947625	1467.231000	1460.944500	1479.708750	1514.094000	1504.711875	1501.568625	1445.323500	1473.469875	1498.473000	1470.326625	1495.329750	1517.237250	1464.087750	1451.610000	1482.852000	1489.090875	1492.234125	1476.565500	1454.705625	1457.848875	1520.332875	1482.852000
Fringe Signal																									
0.805002	1.160927	0.949808	16.019118	2.311021	0.942704	13.936044	0.907455	1.364926	2.007106	0.840246	5.576492	4.005962	3.952413	6.961129	0.899529	1.328284	0.943362	17.126175	14.030375	9.864747	11.737483	0.951022	0.946513	0.867462	17.728627
Laser Intensity Signal																									
60314.192445	60007.056671	52478.363566	60267.546542	60389.845893	41033.094922	40798.999020	40307.728056	32089.787597	40853.898527	40740.970824	40780.516557	40494.534492	39222.900163	30889.743483	39398.473728	32861.695508	55885.335101	48059.801928	46754.943468	47843.162194	47841.580155	47711.951258	47914.717020	41029.713265	48035.763323
Gaussian Fit																									
Amplitude   dAmplitude   Center   dCenter   Width   dWidth																									
16.957334	0.402921	1484.241566	0.254421	8.175957	0.246181																				

																									
Interferometer Scan																									
Wednesday, June 03, 2015	11:28:46 AM																								
X position (cm)																									
0.000000																									
Y position (cm)																									
4.000000																									
Interferometer Positions (um)																									
1471.755375	1477.994250	1446.752250	1484.233125	1490.472000	1474.851000	1465.468875	1456.134375	1459.230000	1481.137500	1496.758500	1499.854125	1521.761625	1506.093000	1462.373250	1512.379500	1515.475125	1468.612125	1449.847875	1509.236250	1487.376375	1518.618375	1502.997375	1493.615250	1452.991125	1484.233125
Fringe Signal																									
9.940237	13.005578	0.928593	9.492319	4.074604	12.047037	4.268656	1.162734	1.356233	12.461988	1.938937	1.273084	0.939912	1.070535	2.471413	0.943807	0.967681	7.347732	0.942646	0.904341	4.967181	0.916688	1.012871	2.125110	0.892134	9.253153
Laser Intensity Signal																									
37886.120428	30398.771364	37961.776497	37861.339955	37985.651261	37975.034429	37906.205901	35872.625132	29176.039997	54080.573276	54002.970788	55693.595116	45853.667492	53444.965827	53832.187904	56770.512814	56180.877558	56531.180585	57375.109939	49150.455972	43845.568430	48257.562051	47932.795781	47921.379410	48555.258020	41031.120978
Gaussian Fit																									
Amplitude   dAmplitude   Center   dCenter   Width   dWidth																									
12.831211	0.429442	1477.530199	0.312975	8.409294	0.331785																				

																									
Interferometer Scan																									
Wednesday, June 03, 2015	11:29:26 AM																								
X position (cm)																									
0.000000																									
Y position (cm)																									
8.000000																									
Interferometer Positions (um)																									
1493.139000	1511.903250	1468.135875	1443.132750	1440.037125	1490.043375	1505.664375	1499.425500	1458.801375	1446.276000	1465.040250	1508.760000	1480.661250	1455.658125	1515.046500	1474.422375	1452.514875	1502.521125	1461.897000	1449.419250	1471.279125	1483.756875	1477.518000	1486.900125	1496.282250	1477.518000
Fringe Signal																									
14.264446	1.440229	1.003968	0.867350	0.873700	14.674900	3.821192	7.839202	0.908461	0.991100	1.009996	2.239601	6.046067	0.908639	1.213804	1.878029	0.866228	5.956850	0.901711	0.893084	1.213334	8.301720	3.345700	12.100390	12.726232	3.331551
Laser Intensity Signal																									
60725.582889	53044.350812	60591.173796	60473.741148	60775.863419	60004.453581	59898.876396	59636.689142	52560.362209	38055.302922	37479.778877	38982.472172	32609.714831	40661.893775	40761.598935	33291.226317	33175.420273	39907.208724	40676.482089	40683.941396	32971.584963	56681.420554	58603.432837	58201.896387	39568.693002	39575.558554
Gaussian Fit																									
Amplitude   dAmplitude   Center   dCenter   Width   dWidth																									
14.280355	0.431950	1491.646785	0.284413	8.333993	0.276117																				

																									
Interferometer Scan																									
Wednesday, June 03, 2015	11:30:13 AM																								
X position (cm)																									
13.000000																									
Y position (cm)																									
8.000000																									
Interferometer Positions (um)																									
1488.519375	1472.898375	1485.376125	1482.280500	1504.140375	1516.665750	1466.659500	1460.373000	1526.000250	1491.662625	1494.758250	1507.283625	1513.522500	1457.277375	1469.755125	1479.137250	1519.761375	1510.379250	1529.143500	1497.901500	1522.904625	1454.134125	1463.516250	1476.041625	1501.044750	1491.662625
Fringe Signal																									
14.215379	1.390051	10.463462	7.320840	6.272631	1.269968	0.929426	0.842268	0.827670	18.079300	17.247672	4.044247	1.621098	0.848005	0.866543	3.456655	0.917506	1.853248	0.859633	12.269353	0.882265	0.831474	0.844949	1.686757	10.292084	18.580334
Laser Intensity Signal																									
60289.359544	60696.758845	52859.167048	51868.646769	52379.637514	44319.402885	44623.704883	52809.568092	44601.321718	44647.289979	52541.751296	44681.820897	52229.292687	44478.325064	52111.690957	44467.928433	44523.067802	44467.098747	51264.819036	44568.915476	52212.841841	51963.013366	52106.693181	43172.281713	51564.146852	51739.015250
Gaussian Fit																									
Amplitude   dAmplitude   Center   dCenter   Width   dWidth																									
17.474421	0.453921	1492.854301	0.270249	7.887443	0.260642																				

																									
Interferometer Scan																									
Wednesday, June 03, 2015	11:30:59 AM																								
X position (cm)																									
26.000000																									
Y position (cm)																									
8.000000																									
Interferometer Positions (um)																									
1514.713125	1505.331000	1455.372375	1524.095250	1483.471125	1511.617500	1508.474250	1474.089000	1477.232250	1495.996500	1458.468000	1520.999625	1517.856375	1527.238500	1530.334125	1467.850125	1502.235375	1470.993375	1486.614375	1480.375500	1464.706875	1499.092125	1489.710000	1461.611250	1492.853250	1492.853250
Fringe Signal																									
1.086361	2.179670	0.844925	0.854207	14.125824	1.277661	1.458963	3.098043	4.394164	11.397463	0.920674	0.885145	0.843482	0.865476	0.846880	1.108151	4.977510	1.556223	15.983381	9.424326	0.840273	7.922164	17.519863	0.774938	15.623547	15.986266
Laser Intensity Signal																									
43533.744210	43298.865807	62471.326925	62458.114867	62074.910147	62258.425364	54426.010911	62205.907436	62214.386483	62761.596355	48361.637151	44333.799834	52640.017285	43041.040630	43500.299878	44057.372918	44675.242394	44386.194555	44559.935734	36798.941102	64056.895734	64092.510618	64011.761091	63826.915492	64114.147983	63727.347958
Gaussian Fit																									
Amplitude   dAmplitude   Center   dCenter   Width   dWidth																									
17.333045	0.386032	1489.228693	0.217216	7.993149	0.221056																				

																									
Interferometer Scan																									
Wednesday, June 03, 2015	11:32:02 AM																								
X position (cm)																									
0.000000																									
Y position (cm)																									
0.000000																									
Interferometer Positions (um)																									
1461.087375	1470.469500	1517.332500	1457.991750	1492.377000	1467.373875	1504.854750	1451.705250	1489.233750	1495.472625	1464.230625	1486.090500	1454.848500	1473.612750	1523.619000	1498.615875	1511.093625	1476.708375	1482.994875	1526.714625	1479.851625	1501.711500	1520.475750	1514.236875	1507.998000	1489.233750
Fringe Signal																									
10.479382	4.874521	0.820829	11.901303	0.877844	6.078576	0.840737	6.599395	0.940416	0.804550	8.239123	0.875051	9.487628	3.059838	0.781095	0.796277	0.751484	1.607354	1.070902	0.842163	1.172513	0.826401	0.857897	0.860013	0.828598	0.925580
Laser Intensity Signal																									
46268.169585	46352.821125	38215.581696	44200.955740	43762.635244	43832.529388	45102.509588	36385.128448	43550.564680	36892.287959	44930.522153	44414.836408	38463.489966	45900.115476	45909.969469	45812.037714	45838.874706	38295.633920	34610.119967	43080.527380	44528.837591	44677.234688	44619.941806	44537.378243	45431.189668	42078.474076
Gaussian Fit																									
Amplitude   dAmplitude   Center   dCenter   Width   dWidth																									
10.682032	0.476445	1459.150300	0.593016	8.723226	0.649382																				
