
																									
Interferometer Scan																									
Wednesday, June 03, 2015	1:25:28 PM																								
X position (cm)																									
0.000000																									
Y position (cm)																									
0.000000																									
Interferometer Positions (um)																									
1505.997750	1462.230375	1524.714375	1484.090250	1487.233500	1499.711250	1509.093375	1518.475500	1465.373625	1452.848250	1493.472375	1496.615625	1480.994625	1471.612500	1459.087125	1449.752625	1515.379875	1512.236625	1490.376750	1521.618750	1468.469250	1477.851375	1455.991500	1502.854500	1474.755750	1487.233500
Fringe Signal																									
1.642175	1.754632	0.991746	23.803052	22.129363	3.541435	1.139938	0.944765	2.833173	1.077964	10.617321	6.336348	25.646865	8.812667	1.140586	0.983277	0.986120	1.004830	12.502225	0.950802	4.783056	19.773975	1.045018	1.994362	15.852405	22.333979
Laser Intensity Signal																									
54396.717629	43019.299717	35086.805238	42893.654098	42929.778852	43100.606300	43095.241523	43118.555300	62907.500462	43160.964956	43193.734267	43076.432691	43035.155497	35446.672589	62585.092178	54864.524083	54828.154225	62798.060585	62443.560632	62426.761134	62951.173652	62821.367808	62599.112950	43043.724984	43160.617615	43082.164470
Gaussian Fit																									
Amplitude   dAmplitude   Center   dCenter   Width   dWidth																									
24.895481	0.637678	1482.703056	0.243346	8.054036	0.252499																				

																									
Interferometer Scan																									
Wednesday, June 03, 2015	1:26:06 PM																								
X position (cm)																									
2.166667																									
Y position (cm)																									
0.000000																									
Interferometer Positions (um)																									
1482.709125	1501.473375	1467.088125	1507.712250	1513.951125	1498.330125	1517.094375	1457.706000	1448.323875	1520.190000	1463.944875	1495.186875	1492.091250	1445.180625	1504.569000	1479.565875	1470.183750	1451.467125	1460.849250	1488.948000	1485.804750	1454.562750	1473.327000	1510.807875	1476.470250	1482.709125
Fringe Signal																									
25.413102	5.235327	2.051457	2.044877	1.264745	6.801721	1.065818	1.122609	1.019127	1.013793	1.470255	15.890175	17.824614	0.993877	2.793308	19.097113	3.072341	1.012197	1.093747	25.626259	26.793417	1.133493	4.704275	1.595940	10.062373	21.167904
Laser Intensity Signal																									
56899.899228	64779.689656	45410.675589	45326.662369	45364.761068	37487.223767	65146.515620	65123.047178	57158.526566	65073.018307	56791.219569	45264.045343	37533.629809	37548.671631	37481.396306	45277.001810	45515.927716	37531.916698	45540.200940	37710.210007	65139.200492	64441.396756	55321.565594	62647.171809	54450.018058	53132.626493
Gaussian Fit																									
Amplitude   dAmplitude   Center   dCenter   Width   dWidth																									
26.421993	0.776872	1486.521820	0.274133	7.730513	0.281464																				

																									
Interferometer Scan																									
Wednesday, June 03, 2015	1:26:45 PM																								
X position (cm)																									
4.333333																									
Y position (cm)																									
0.000000																									
Interferometer Positions (um)																									
1489.662375	1480.280250	1477.137000	1502.140125	1511.522250	1483.375875	1517.761125	1514.665500	1520.904375	1452.133875	1470.898125	1505.283375	1492.758000	1464.659250	1508.379000	1495.901250	1449.038250	1455.277125	1474.041375	1524.000000	1458.420375	1461.516000	1467.754875	1486.519125	1499.044500	1486.519125
Fringe Signal																									
28.645454	13.033952	7.244561	8.267703	2.101428	19.689574	1.121328	1.427007	1.072501	1.061939	1.851606	5.339447	24.033706	1.173247	2.869171	18.663638	1.051350	1.053396	2.701209	1.079355	1.156529	1.110501	1.248680	22.779950	13.823676	24.777120
Laser Intensity Signal																									
60405.595505	61624.894095	60196.459643	45861.293261	45575.012352	57512.215183	37876.128809	65217.059881	65110.536356	65033.873654	63889.659658	56320.474481	55530.301686	63956.672840	55309.897564	64311.959224	56345.699287	57165.373768	57562.236191	37701.017928	45543.005880	45631.348408	38241.941586	45835.204690	45916.139028	45840.444948
Gaussian Fit																									
Amplitude   dAmplitude   Center   dCenter   Width   dWidth																									
26.463010	0.579431	1489.867974	0.218342	8.078990	0.220272																				

																									
Interferometer Scan																									
Wednesday, June 03, 2015	1:27:23 PM																								
X position (cm)																									
6.500000																									
Y position (cm)																									
0.000000																									
Interferometer Positions (um)																									
1508.617125	1471.136250	1527.381375	1486.757250	1467.993000	1489.852875	1496.139375	1452.372000	1502.378250	1499.235000	1492.996125	1524.238125	1514.856000	1521.094875	1474.231875	1483.614000	1455.515250	1511.760375	1477.375125	1461.754125	1458.610875	1517.999250	1480.470750	1464.849750	1505.473875	1489.852875
Fringe Signal																									
4.467440	1.542546	1.028059	19.550268	1.326212	23.713085	23.840679	1.067334	13.428947	17.041481	26.824738	1.122136	1.719493	1.259585	2.314045	11.813026	1.114167	2.475294	4.621126	1.197057	1.098464	1.395610	8.608206	1.138874	8.309609	27.321296
Laser Intensity Signal																									
37543.093207	44954.708869	37730.835497	45787.481375	45675.409572	45980.739174	56986.288783	55358.160896	55266.257142	55113.108685	55408.817603	51530.580623	44543.914803	51927.422075	53555.699384	54149.395251	52551.368049	52188.617114	52200.764867	52497.067540	52457.418260	52082.957353	52085.733458	44926.203331	52001.995489	52123.445494
Gaussian Fit																									
Amplitude   dAmplitude   Center   dCenter   Width   dWidth																									
26.243582	0.629752	1492.782985	0.244414	8.128590	0.244297																				

																									
Interferometer Scan																									
Wednesday, June 03, 2015	1:28:01 PM																								
X position (cm)																									
8.666667																									
Y position (cm)																									
0.000000																									
Interferometer Positions (um)																									
1511.522250	1527.143250	1499.044500	1502.140125	1520.904375	1458.420375	1495.901250	1514.665500	1461.516000	1474.041375	1530.286500	1524.047625	1517.761125	1505.283375	1470.898125	1455.277125	1508.426625	1492.805625	1464.659250	1477.137000	1486.519125	1483.423500	1480.280250	1489.662375	1467.802500	1492.805625
Fringe Signal																									
4.057021	1.065538	20.000492	15.985905	1.411266	1.075814	24.832044	2.606502	1.137748	1.617033	1.075033	1.105440	1.507333	9.361836	1.282258	1.082856	7.241329	25.077839	1.085941	2.023986	11.612266	9.443152	4.709342	20.226061	1.036403	24.432671
Laser Intensity Signal																									
54745.801687	61306.493993	61209.580667	53912.500961	54177.317519	43374.911160	43330.206433	61801.314386	52434.592072	52237.172736	51383.140352	51444.236943	53752.289034	54442.181263	55043.008758	54727.722926	47334.324961	47387.390771	55129.473024	54786.255749	47625.855304	55253.193196	55435.786977	54900.727480	54784.618660	53779.517932
Gaussian Fit																									
Amplitude   dAmplitude   Center   dCenter   Width   dWidth																									
24.517845	0.614931	1494.899114	0.259491	8.022678	0.254459																				

																									
Interferometer Scan																									
Wednesday, June 03, 2015	1:28:40 PM																								
X position (cm)																									
10.833333																									
Y position (cm)																									
0.000000																									
Interferometer Positions (um)																									
1482.375750	1529.286375	1516.761000	1532.382000	1469.898000	1504.283250	1479.280125	1460.515875	1526.143125	1507.378875	1498.044375	1494.901125	1523.047500	1488.662250	1510.522125	1501.140000	1466.754750	1519.904250	1476.136875	1463.659125	1457.420250	1485.519000	1491.757875	1513.665375	1473.041250	1494.901125
Fringe Signal																									
5.201819	1.122781	2.173086	1.033481	1.096167	15.700869	3.004211	1.085321	1.096794	7.791114	23.978377	25.760366	1.135995	16.752085	6.121157	18.623603	1.082592	1.693801	1.788625	1.077876	1.044969	6.858387	20.353724	3.291992	1.209437	23.505812
Laser Intensity Signal																									
43272.078623	43568.377364	42486.193193	36940.428083	44726.827090	45314.838364	37321.093939	45245.932503	45103.399567	64593.239736	45053.707551	37456.782295	56953.822249	64685.396460	45191.207322	64535.204987	45180.330967	56779.331338	57062.648709	64715.595448	57228.545229	64673.252639	57126.548931	64725.533327	64620.119982	64646.806241
Gaussian Fit																									
Amplitude   dAmplitude   Center   dCenter   Width   dWidth																									
24.442241	0.653887	1496.344915	0.278303	7.937711	0.269957																				

																									
Interferometer Scan																									
Wednesday, June 03, 2015	1:29:18 PM																								
X position (cm)																									
13.000000																									
Y position (cm)																									
0.000000																									
Interferometer Positions (um)																									
1474.470000	1502.616375	1458.849000	1515.094125	1483.852125	1461.992250	1471.326750	1527.571875	1490.091000	1465.087875	1468.231125	1524.476250	1496.329875	1499.473125	1493.234250	1480.708875	1530.715125	1508.855250	1521.333000	1511.950875	1477.613250	1533.858375	1518.237375	1505.712000	1486.947750	1496.329875
Fringe Signal																									
1.319910	19.910142	1.031413	3.041297	5.501023	1.049097	1.120035	1.060855	17.067140	1.064072	1.011196	1.086762	24.778053	25.236869	22.643920	3.002505	1.063783	6.737034	1.407422	4.580068	1.682456	1.025979	1.940391	11.829888	10.193567	24.629260
Laser Intensity Signal																									
64482.473411	37303.553884	45028.252058	44855.134781	45005.465190	45159.574405	37392.332882	37238.590669	37258.657792	45130.527539	37279.205949	45090.555822	45135.391621	45102.445363	37459.907052	37389.450609	44861.424927	44972.594954	64153.820856	45030.199788	37334.350561	44913.258660	44912.215327	46942.386913	46889.842770	54690.435564
Gaussian Fit																									
Amplitude   dAmplitude   Center   dCenter   Width   dWidth																									
25.217580	0.517882	1497.005503	0.210647	7.696126	0.201976																				

																									
Interferometer Scan																									
Wednesday, June 03, 2015	1:29:56 PM																								
X position (cm)																									
15.166667																									
Y position (cm)																									
0.000000																									
Interferometer Positions (um)																									
1481.375625	1518.904125	1493.901000	1459.515750	1490.757750	1512.617625	1528.238625	1509.522000	1496.996625	1500.139875	1521.999750	1471.993500	1468.897875	1534.525125	1475.136750	1515.760875	1465.754625	1503.235500	1525.143000	1484.518875	1487.614500	1462.611375	1531.381875	1506.378750	1478.232375	1496.996625
Fringe Signal																									
2.870495	2.176455	22.347130	1.015073	13.865482	4.850740	1.004993	6.237094	24.226736	23.689376	1.358355	1.074189	1.023756	0.972601	1.383553	2.839080	1.060605	19.869773	1.245517	5.791738	7.887442	1.073608	1.025031	12.234856	1.759148	25.122614
Laser Intensity Signal																									
56940.349358	56772.387144	64810.487644	57001.843098	56907.334943	56837.737021	64610.440315	64591.666872	47162.661274	54976.189563	54905.965117	47026.835292	47227.464581	47161.244385	54941.455483	54963.111199	54957.632389	54841.391186	54902.841672	54835.696108	47108.556063	55011.993190	55043.403284	55000.401183	45312.781844	45262.015037
Gaussian Fit																									
Amplitude   dAmplitude   Center   dCenter   Width   dWidth																									
24.777005	0.604304	1498.055727	0.241058	7.419900	0.231971																				

																									
Interferometer Scan																									
Wednesday, June 03, 2015	1:30:34 PM																								
X position (cm)																									
17.333333																									
Y position (cm)																									
0.000000																									
Interferometer Positions (um)																									
1535.572875	1469.945625	1460.563500	1485.566625	1463.659125	1507.426500	1482.423375	1501.187625	1529.286375	1494.948750	1519.951875	1513.665375	1466.802375	1476.184500	1523.047500	1473.041250	1479.327750	1491.805500	1498.044375	1504.283250	1510.569750	1532.429625	1488.662250	1526.190750	1516.808625	1498.044375
Fringe Signal																									
1.043573	1.206806	1.117416	4.587740	1.045965	12.435111	3.589877	22.611668	1.041040	21.497530	1.856231	3.678531	1.021380	1.252205	1.380282	1.141841	1.868865	14.919520	23.968535	17.233813	7.385902	1.042477	10.971596	1.174319	2.321357	24.947938
Laser Intensity Signal																									
43064.562811	42772.344340	59566.146191	53766.857687	62846.226924	62816.726548	63307.824497	44440.475402	63474.495652	63614.586716	63269.232968	55557.807145	55701.460746	63490.347500	55493.720801	63341.582090	62825.151857	62338.840658	64505.597133	64684.945572	64777.947709	64643.610706	64532.795884	64975.668511	56780.078449	56968.680571
Gaussian Fit																									
Amplitude   dAmplitude   Center   dCenter   Width   dWidth																									
23.869822	0.504914	1498.637894	0.219240	7.767055	0.210059																				

																									
Interferometer Scan																									
Wednesday, June 03, 2015	1:31:12 PM																								
X position (cm)																									
19.500000																									
Y position (cm)																									
0.000000																									
Interferometer Positions (um)																									
1533.001125	1479.899250	1529.905500	1473.660375	1517.380125	1536.144375	1520.523375	1504.902375	1486.138125	1501.759125	1489.281375	1461.135000	1467.373875	1495.520250	1464.278250	1498.615875	1476.756000	1514.284500	1492.377000	1482.994875	1523.619000	1507.998000	1526.762250	1470.517125	1511.141250	1498.615875
Fringe Signal																									
1.052006	2.279743	0.996423	1.144721	2.414632	1.010769	1.386360	13.211122	7.753003	18.881676	13.699686	1.072025	1.053600	20.101319	1.127849	24.742744	1.485683	3.557449	19.302925	4.519844	1.378894	9.155696	1.107060	1.077539	6.047426	22.089128
Laser Intensity Signal																									
65077.140521	65528.076698	57162.562273	65350.767739	65236.716749	45737.002926	64740.295967	64642.975007	37898.758390	38055.203308	45607.149896	45807.501312	65331.952353	45479.641743	44207.523758	45250.433516	37595.377828	56490.215342	52963.734979	61275.330314	45272.437883	34785.106330	42523.943240	35457.221263	42611.522929	42743.922688
Gaussian Fit																									
Amplitude   dAmplitude   Center   dCenter   Width   dWidth																									
22.393860	0.567203	1497.412064	0.271867	8.162328	0.262635																				

																									
Interferometer Scan																									
Wednesday, June 03, 2015	1:31:50 PM																								
X position (cm)																									
21.666667																									
Y position (cm)																									
0.000000																									
Interferometer Positions (um)																									
1472.422125	1513.046250	1503.664125	1491.138750	1528.667250	1475.517750	1466.183250	1469.278875	1519.285125	1531.810500	1534.906125	1478.661000	1525.524000	1481.804250	1463.040000	1488.043125	1500.520875	1509.903000	1516.141875	1497.425250	1494.282000	1484.899875	1459.896750	1506.807375	1522.428375	1497.425250
Fringe Signal																									
1.208354	4.192489	13.459438	17.002531	1.112697	1.585590	1.028080	1.052979	1.974003	1.006711	0.945202	2.104771	1.151530	3.494663	1.027974	8.719379	19.226924	7.245787	2.226613	23.219124	20.651901	5.895809	1.067714	10.607315	1.285171	23.135984
Laser Intensity Signal																									
43765.687910	36035.109847	60715.229512	61781.179105	62281.335439	57927.996539	49869.915423	49473.776517	55367.157678	49596.786278	49295.044116	55397.085348	40237.685801	39492.018504	34108.580823	36053.064090	36572.240282	43826.190746	36233.589555	43633.002414	36368.516383	52771.616195	45567.613338	54444.321669	53957.091656	41239.154524
Gaussian Fit																									
Amplitude   dAmplitude   Center   dCenter   Width   dWidth																									
21.998714	0.627515	1497.310630	0.299739	7.875666	0.286733																				

																									
Interferometer Scan																									
Wednesday, June 03, 2015	1:32:27 PM																								
X position (cm)																									
23.833333																									
Y position (cm)																									
0.000000																									
Interferometer Positions (um)																									
1469.183625	1506.664500	1459.801500	1503.568875	1478.565750	1466.040375	1509.807750	1497.330000	1462.944750	1481.709000	1525.428750	1494.186750	1484.804625	1500.425625	1475.422500	1491.043500	1516.046625	1519.189875	1512.951000	1522.333125	1534.810875	1531.667625	1487.947875	1528.572000	1472.326875	1497.330000
Fringe Signal																									
1.113286	9.399097	1.086857	13.343956	2.449358	1.177821	5.603225	17.814621	1.142922	2.791993	1.202934	21.435437	7.962790	18.600084	1.447573	14.163559	2.339091	1.780826	2.515984	1.467848	1.048123	1.111967	12.463525	1.090879	1.339191	19.536953
Laser Intensity Signal																									
63365.738660	55974.808781	63494.490685	52944.611574	59228.740649	55753.635267	55123.413565	62543.614444	62664.751186	62855.568425	60750.113014	58699.954258	59757.517865	58837.480243	51216.876831	63652.268605	53007.577252	61926.992773	61305.427067	61020.758344	54137.065308	61378.940109	61492.288553	53905.527931	52398.325760	52553.639526
Gaussian Fit																									
Amplitude   dAmplitude   Center   dCenter   Width   dWidth																									
19.650546	0.586169	1496.491094	0.332539	8.474032	0.320424																				

																									
Interferometer Scan																									
Wednesday, June 03, 2015	1:33:05 PM																								
X position (cm)																									
26.000000																									
Y position (cm)																									
0.000000																									
Interferometer Positions (um)																									
1521.475875	1465.230750	1477.756125	1468.374000	1508.998125	1527.762375	1483.995000	1474.612875	1462.135125	1480.851750	1530.858000	1496.472750	1490.233875	1471.469625	1512.093750	1505.854875	1524.619125	1534.001250	1515.237000	1518.380250	1499.616000	1458.991875	1502.759250	1487.138250	1493.377125	1496.472750
Fringe Signal																									
1.150589	1.130469	2.307537	1.167757	3.789146	1.087628	8.596775	1.671184	1.102845	3.381745	1.000064	16.778000	17.252789	1.370693	2.445255	5.591577	1.042366	1.050745	1.434641	1.414802	11.849704	1.072314	10.229745	11.695576	19.033807	17.355928
Laser Intensity Signal																									
45061.300552	37353.341583	45054.652580	64717.375406	64721.234166	64999.157924	57101.797294	57227.229266	45174.979297	56892.930130	64942.453555	57102.776402	64845.515325	64737.169900	37680.638853	45203.096863	45378.239201	45062.349128	57017.833882	57086.452695	64827.907113	64888.571167	64827.711816	64962.371256	44966.623314	45012.266516
Gaussian Fit																									
Amplitude   dAmplitude   Center   dCenter   Width   dWidth																									
18.049984	0.555381	1493.863277	0.310756	7.960944	0.308269																				

																									
Interferometer Scan																									
Wednesday, June 03, 2015	1:33:43 PM																								
X position (cm)																									
26.000000																									
Y position (cm)																									
2.666667																									
Interferometer Positions (um)																									
1462.611375	1518.856500	1509.474375	1512.617625	1528.238625	1484.471250	1481.375625	1465.754625	1456.372500	1459.468125	1490.757750	1475.136750	1521.999750	1496.996625	1468.850250	1487.614500	1525.095375	1515.760875	1531.381875	1471.993500	1503.235500	1493.853375	1506.378750	1478.232375	1500.092250	1493.853375
Fringe Signal																									
1.098686	1.226269	2.640947	2.111717	1.049442	11.216369	6.710430	1.107359	1.014375	1.075643	18.345655	2.312669	1.073035	13.902981	1.125888	14.339951	1.018944	1.456191	0.995182	1.302196	6.732846	16.164578	4.825460	3.750200	11.052574	16.184020
Laser Intensity Signal																									
37223.782154	37242.355057	44914.554962	44884.584038	44862.098637	44964.118528	45132.126618	64551.050281	56861.974856	64824.435016	54864.720691	54770.470748	54730.669425	54729.618227	54784.968622	54796.442665	54749.074555	54813.434839	54749.606707	47075.127460	54678.072852	54857.005793	55013.652562	54947.293430	54981.290885	55009.589330
Gaussian Fit																									
Amplitude   dAmplitude   Center   dCenter   Width   dWidth																									
16.810459	0.444227	1492.287595	0.293944	8.549368	0.285360																				

																									
Interferometer Scan																									
Wednesday, June 03, 2015	1:34:21 PM																								
X position (cm)																									
23.833333																									
Y position (cm)																									
2.666667																									
Interferometer Positions (um)																									
1520.428125	1511.046000	1489.186125	1467.278625	1473.517500	1517.284875	1482.899625	1457.896500	1461.039750	1507.902750	1486.042875	1479.804000	1495.425000	1514.141625	1529.810250	1464.183000	1454.800875	1470.421875	1498.520625	1501.663875	1523.523750	1526.667000	1504.807125	1492.281750	1476.660750	1492.281750
Fringe Signal																									
1.362343	2.671250	15.413860	1.098122	1.247596	1.484224	6.773301	1.049946	1.091957	5.576031	10.755415	3.706080	20.350760	2.367359	1.076349	1.134695	1.034996	1.191448	18.051930	12.889251	1.060154	1.053912	7.427203	19.328938	1.943682	18.810407
Laser Intensity Signal																									
45672.900854	37956.721050	45641.207644	37863.371571	65244.520776	65254.229279	65121.176781	65181.794959	45615.964488	65428.686111	65189.754962	57664.132874	45671.815578	45397.329838	45507.919217	45516.952699	37824.385516	45440.695009	45404.720988	45470.717051	45400.105943	45475.086991	45570.414346	37884.264448	45686.569042	65422.496891
Gaussian Fit																									
Amplitude   dAmplitude   Center   dCenter   Width   dWidth																									
19.829480	0.470334	1494.599166	0.243647	8.016360	0.239932																				

																									
Interferometer Scan																									
Wednesday, June 03, 2015	1:34:58 PM																								
X position (cm)																									
21.666667																									
Y position (cm)																									
2.666667																									
Interferometer Positions (um)																									
1507.093125	1497.711000	1485.233250	1460.230125	1500.854250	1463.325750	1475.851125	1457.086875	1488.328875	1482.090000	1503.997500	1532.096250	1466.469000	1472.707875	1494.615375	1516.475250	1469.612250	1513.332000	1491.472125	1519.618500	1528.953000	1510.236375	1478.994375	1522.714125	1525.857375	1494.615375
Fringe Signal																									
8.488734	21.095365	7.299694	1.060655	17.710031	0.987775	1.220212	1.033319	9.023156	3.868381	13.101371	0.986838	1.076804	1.162096	20.930451	2.209641	1.074469	3.217902	18.827660	1.636636	1.004322	3.979366	2.007522	1.087311	1.060985	20.326149
Laser Intensity Signal																									
64821.712650	57199.921725	54988.153815	47483.990835	54930.699715	47274.499768	54942.940529	55244.551619	55003.026555	54954.862838	47069.593600	54823.713505	55001.409126	54853.536317	54849.691976	54845.164749	57035.674092	45249.980006	45283.590799	45313.458176	45152.339231	45205.079982	64738.985247	64528.944988	57047.044588	64767.368888
Gaussian Fit																									
Amplitude   dAmplitude   Center   dCenter   Width   dWidth																									
21.128708	0.590753	1496.652742	0.279597	7.736303	0.273894																				

																									
Interferometer Scan																									
Wednesday, June 03, 2015	1:35:36 PM																								
X position (cm)																									
19.500000																									
Y position (cm)																									
2.666667																									
Interferometer Positions (um)																									
1471.660125	1481.042250	1459.134750	1484.137875	1493.520000	1518.523125	1465.421250	1534.144125	1462.278000	1506.045375	1531.048500	1527.905250	1521.666375	1477.899000	1474.755750	1499.758875	1512.284250	1515.379875	1502.902125	1496.663250	1524.762000	1468.516875	1490.424375	1509.141000	1487.281125	1496.663250
Fringe Signal																									
1.164226	2.432044	0.995064	4.290477	18.754570	1.764519	1.011179	1.029626	1.051520	11.803628	0.992895	1.001689	1.439448	1.543011	1.288228	20.391023	4.652868	3.040019	14.801659	21.865016	1.078360	1.073801	11.929567	7.255080	9.470178	20.342115
Laser Intensity Signal																									
44448.006799	44513.679114	36946.817843	44493.710295	44729.527173	46536.905196	46525.277798	44520.564326	36601.030246	44562.127258	55778.457682	63478.506455	63946.417766	36913.701192	36948.333036	55992.112906	63820.496896	63747.995730	63859.227361	66265.080136	64046.412595	62267.224228	56221.764157	63949.284311	36749.141606	36846.773207
Gaussian Fit																									
Amplitude   dAmplitude   Center   dCenter   Width   dWidth																									
20.609105	0.533726	1497.671855	0.275139	8.039551	0.264958																				

																									
Interferometer Scan																									
Wednesday, June 03, 2015	1:36:14 PM																								
X position (cm)																									
17.333333																									
Y position (cm)																									
2.666667																									
Interferometer Positions (um)																									
1510.188750	1513.284375	1466.421375	1460.182500	1463.278125	1500.806625	1482.042375	1507.045500	1535.191875	1497.663375	1503.902250	1475.803500	1469.564625	1478.899125	1494.567750	1516.427625	1519.523250	1532.048625	1472.660250	1485.185625	1488.281250	1528.905375	1491.424500	1525.809750	1522.666500	1497.663375
Fringe Signal																									
8.180838	4.151509	1.055740	1.009768	0.969798	20.799931	2.645694	12.746035	0.999882	23.186930	17.464981	1.289195	1.056943	1.557217	19.979432	2.772039	1.652480	0.993308	1.159840	4.365232	7.584456	1.037515	16.569198	1.054417	1.295441	22.975092
Laser Intensity Signal																									
64162.564669	64242.066391	64131.651338	64066.697298	64286.009590	56424.118354	56260.086989	63813.707366	64195.904143	64324.100424	62681.356698	62994.204590	45141.642445	44788.846428	44554.068951	44597.279457	44717.625836	44750.237860	44924.661924	44888.909414	44915.876168	56689.784259	64317.655613	56623.704310	64312.833475	64595.179602
Gaussian Fit																									
Amplitude   dAmplitude   Center   dCenter   Width   dWidth																									
22.691078	0.518147	1498.633738	0.238516	7.878117	0.229441																				

																									
Interferometer Scan																									
Wednesday, June 03, 2015	1:36:52 PM																								
X position (cm)																									
15.166667																									
Y position (cm)																									
2.666667																									
Interferometer Positions (um)																									
1498.615875	1489.281375	1492.377000	1495.520250	1473.612750	1536.144375	1511.141250	1507.998000	1523.619000	1514.236875	1504.902375	1526.762250	1467.373875	1464.278250	1517.380125	1479.899250	1470.517125	1501.759125	1533.001125	1529.905500	1482.994875	1520.523375	1461.135000	1486.138125	1476.756000	1498.615875
Fringe Signal																									
22.998157	12.840955	16.284554	20.446715	1.110089	0.964241	5.406544	8.657449	1.220837	3.451833	12.852900	1.114420	1.032981	1.009861	2.313825	2.233504	1.099529	20.702665	1.005488	1.022036	3.531472	1.494311	1.033416	4.874712	1.424320	22.413761
Laser Intensity Signal																									
36730.779730	44340.321976	44577.887355	44346.744504	44502.585180	44414.199398	36933.687050	44339.526369	36751.516631	44553.771418	36750.017167	36880.647455	44540.558049	44351.961170	54159.772221	46422.720512	54197.300756	54642.239078	44645.527060	53184.532316	53719.735992	53964.109251	53803.308810	54070.392914	46160.926474	46364.175892
Gaussian Fit																									
Amplitude   dAmplitude   Center   dCenter   Width   dWidth																									
22.223227	0.581489	1497.982681	0.266293	7.622474	0.255299																				

																									
Interferometer Scan																									
Wednesday, June 03, 2015	1:37:30 PM																								
X position (cm)																									
13.000000																									
Y position (cm)																									
2.666667																									
Interferometer Positions (um)																									
1513.617750	1469.850375	1501.092375	1519.856625	1522.999875	1488.614625	1479.232500	1463.611500	1507.378875	1494.853500	1491.710250	1532.334375	1510.474500	1466.754750	1516.713375	1529.238750	1482.375750	1504.235625	1472.993625	1526.095500	1476.089250	1485.471375	1535.477625	1497.996750	1460.468250	1497.996750
Fringe Signal																									
3.971968	1.084036	23.242971	1.533078	1.499452	10.952000	1.927697	1.017626	13.103950	23.569610	18.276087	1.004191	5.673046	1.089600	2.480680	0.963656	3.076049	18.164289	1.023530	1.223876	1.420542	5.069554	0.981216	24.459908	1.028074	22.085479
Laser Intensity Signal																									
44228.235756	44328.292188	44567.962583	44426.947461	44537.551258	44422.117458	44449.975501	44458.838589	63852.508611	44601.950863	44370.218189	44472.180408	44481.451131	44470.870999	36971.867013	46648.894423	46599.486833	46662.309642	46572.345754	54342.325371	54287.429796	54465.095270	54384.619684	54409.410642	54430.274683	46823.595049
Gaussian Fit																									
Amplitude   dAmplitude   Center   dCenter   Width   dWidth																									
24.331645	0.564001	1498.226196	0.242953	7.855145	0.232415																				

																									
Interferometer Scan																									
Wednesday, June 03, 2015	1:38:08 PM																								
X position (cm)																									
10.833333																									
Y position (cm)																									
2.666667																									
Interferometer Positions (um)																									
1535.715750	1460.706375	1516.999125	1470.088500	1510.712625	1473.231750	1507.617000	1491.996000	1520.094750	1488.852750	1513.855875	1463.849625	1501.330500	1479.470625	1526.333625	1482.613875	1532.620125	1495.091625	1529.476875	1523.238000	1466.992875	1504.473750	1476.375000	1485.709500	1498.234875	1498.234875
Fringe Signal																									
0.958125	1.018357	2.331108	1.118841	7.281779	1.043473	11.764113	20.613440	1.656212	13.726196	4.156603	0.966911	22.112656	2.454441	1.113715	3.652885	0.951119	23.685629	1.035319	1.084020	1.068975	17.456802	1.447836	5.105669	24.145102	24.430016
Laser Intensity Signal																									
54639.651717	46956.335596	54561.230029	54439.732838	46865.864458	46767.639101	54619.391918	54647.454433	54668.070748	54636.804833	54525.460480	54408.899461	54574.477476	54480.007332	54657.435566	47206.489129	47120.449536	54539.787960	54614.409871	46899.791135	47082.498949	46901.763768	46895.848489	46865.421435	44896.436879	44767.813304
Gaussian Fit																									
Amplitude   dAmplitude   Center   dCenter   Width   dWidth																									
24.617652	0.527585	1497.892623	0.230080	8.066941	0.220411																				

																									
Interferometer Scan																									
Wednesday, June 03, 2015	1:38:46 PM																								
X position (cm)																									
8.666667																									
Y position (cm)																									
2.666667																									
Interferometer Positions (um)																									
1529.143500	1466.659500	1472.898375	1485.376125	1507.283625	1504.140375	1526.000250	1522.904625	1469.755125	1519.761375	1497.901500	1535.382375	1491.662625	1488.519375	1482.280500	1510.379250	1516.665750	1475.994000	1513.522500	1494.758250	1479.137250	1532.286750	1460.373000	1500.997125	1463.516250	1497.901500
Fringe Signal																									
1.013487	1.067340	1.148316	5.956188	12.101214	14.960509	1.165986	1.195210	1.115299	1.667835	26.242848	1.049005	20.341937	13.809193	4.693439	7.407839	2.654891	1.374737	4.052029	25.368973	2.019315	0.968765	0.992485	23.188703	1.059473	25.071590
Laser Intensity Signal																									
64370.309857	64596.384154	64437.742469	64604.112159	64387.735880	64534.489334	37218.228634	54703.287173	54754.753905	47125.219246	46990.122025	53299.738051	55210.982769	47204.612178	55075.266888	56416.495206	53832.246886	54747.468923	54824.534016	47205.947802	54728.222310	54868.327793	54939.089633	55393.829519	54844.922266	47135.348490
Gaussian Fit																									
Amplitude   dAmplitude   Center   dCenter   Width   dWidth																									
25.663379	0.591614	1497.294091	0.242563	7.902104	0.232590																				

																									
Interferometer Scan																									
Wednesday, June 03, 2015	1:39:23 PM																								
X position (cm)																									
6.500000																									
Y position (cm)																									
2.666667																									
Interferometer Positions (um)																									
1494.186750	1484.804625	1459.801500	1469.183625	1522.285500	1531.667625	1516.046625	1472.279250	1506.664500	1512.903375	1497.282375	1503.521250	1487.900250	1462.897125	1519.189875	1475.422500	1500.425625	1478.565750	1491.043500	1481.661375	1528.524375	1525.428750	1466.040375	1534.810875	1509.807750	1497.282375
Fringe Signal																									
25.528519	8.257486	1.071133	1.136763	1.480961	1.015229	2.290786	1.101206	11.265225	3.857072	26.800417	16.837382	15.196362	1.003226	1.904814	1.680229	22.563385	2.355694	20.200064	4.576056	1.097802	0.999684	1.013676	1.043077	5.305624	23.716815
Laser Intensity Signal																									
45581.020692	37903.746990	45610.960159	45485.761495	45255.467991	45554.080154	45413.692867	45490.328044	37815.328440	65125.064376	57713.827512	57435.354563	65087.786189	65112.672829	45678.977352	45434.145341	45447.310213	45347.622093	37628.857549	45490.955878	37591.200563	45247.907758	37464.948081	45341.976822	45252.196434	45184.529203
Gaussian Fit																									
Amplitude   dAmplitude   Center   dCenter   Width   dWidth																									
25.620500	0.510290	1496.334109	0.211550	8.028927	0.203577																				

																									
Interferometer Scan																									
Wednesday, June 03, 2015	1:40:01 PM																								
X position (cm)																									
4.333333																									
Y position (cm)																									
2.666667																									
Interferometer Positions (um)																									
1474.470000	1502.568750	1471.326750	1508.855250	1533.810750	1483.852125	1458.849000	1518.189750	1511.950875	1493.186625	1468.231125	1499.473125	1527.571875	1524.476250	1496.329875	1461.944625	1480.708875	1530.715125	1490.091000	1515.094125	1465.087875	1477.565625	1521.333000	1486.947750	1505.712000	1496.329875
Fringe Signal																									
1.619566	14.160884	1.230430	5.246634	1.036410	11.215124	1.081220	1.736927	2.981175	28.009355	1.078210	21.627063	1.078292	1.091387	23.192778	1.150015	4.063313	1.102170	22.252085	2.379813	1.069924	2.115642	1.300007	16.504597	9.873440	24.604554
Laser Intensity Signal																									
37109.411348	37263.306916	44919.628759	37209.994691	44978.250711	37368.393892	45162.177495	37426.145526	45097.701868	56874.788454	56688.241541	63972.848435	63861.296988	63932.545106	63078.112952	55096.474337	55025.612882	43886.828585	37077.086372	44929.675428	37475.948954	37386.264248	64683.430380	56970.211492	64402.560123	64669.469901
Gaussian Fit																									
Amplitude   dAmplitude   Center   dCenter   Width   dWidth																									
25.898491	0.612196	1494.391761	0.242495	7.925303	0.237365																				

																									
Interferometer Scan																									
Wednesday, June 03, 2015	1:40:40 PM																								
X position (cm)																									
2.166667																									
Y position (cm)																									
2.666667																									
Interferometer Positions (um)																									
1519.380375	1475.660625	1491.281625	1478.756250	1503.759375	1472.517375	1469.374125	1500.663750	1513.141500	1456.896375	1466.278500	1494.377250	1463.135250	1525.619250	1484.995125	1506.902625	1460.039625	1522.523625	1516.284750	1509.998250	1481.899500	1528.762500	1497.520500	1531.905750	1488.138375	1494.377250
Fringe Signal																									
1.278531	2.912349	23.832937	5.317856	9.730845	1.896312	1.372864	15.448094	2.229520	1.098327	1.184290	25.735861	1.162242	1.142013	14.844104	5.623040	1.077030	1.156181	1.531586	3.071366	10.018778	1.066528	19.092464	1.052343	21.946569	23.583227
Laser Intensity Signal																									
44807.961969	44880.115794	44848.157819	37419.033559	45015.755653	64603.783168	65066.699325	64794.947748	64314.279199	55825.941135	46056.417526	45219.626353	45237.643510	45536.292372	45038.917386	37270.878945	64776.247706	45104.997335	37464.050237	64862.807654	56923.136983	64892.238561	57138.937856	64944.905912	45197.750436	64915.187958
Gaussian Fit																									
Amplitude   dAmplitude   Center   dCenter   Width   dWidth																									
24.489819	0.504587	1492.728945	0.220451	8.218204	0.214174																				

																									
Interferometer Scan																									
Wednesday, June 03, 2015	1:41:18 PM																								
X position (cm)																									
0.000000																									
Y position (cm)																									
2.666667																									
Interferometer Positions (um)																									
1508.331375	1477.089375	1498.996875	1464.611625	1473.993750	1458.372750	1511.474625	1524.000000	1480.232625	1517.713500	1520.856750	1489.614750	1455.229500	1502.092500	1470.850500	1505.235750	1461.468375	1514.617875	1495.853625	1483.375875	1530.238875	1492.710375	1467.707250	1486.471500	1527.095625	1492.710375
Fringe Signal																									
2.817059	6.356408	13.291290	1.273156	2.595606	1.155592	2.042349	1.046375	11.598548	1.157014	1.020883	25.332487	1.069617	7.657026	2.148116	5.169554	1.132214	1.479530	14.980961	17.366732	1.105332	21.837676	1.402544	22.872239	1.084249	21.938609
Laser Intensity Signal																									
64441.636618	44920.073093	64456.397947	37045.908275	44775.845396	64415.140413	64458.655007	56451.883336	64394.866196	64307.656131	56551.036682	56407.954555	64339.739935	56460.751667	36913.057628	36927.710167	44663.490478	56342.324183	64249.477202	36732.491530	44800.969277	64305.112023	64284.828631	45083.150254	64149.897871	56877.886996
Gaussian Fit																									
Amplitude   dAmplitude   Center   dCenter   Width   dWidth																									
23.715999	0.620974	1489.718545	0.267929	8.169251	0.267749																				

																									
Interferometer Scan																									
Wednesday, June 03, 2015	1:41:56 PM																								
X position (cm)																									
0.000000																									
Y position (cm)																									
5.333333																									
Interferometer Positions (um)																									
1520.952000	1467.850125	1474.089000	1455.324750	1477.232250	1502.235375	1495.948875	1514.713125	1527.238500	1524.095250	1505.331000	1458.468000	1461.611250	1499.092125	1508.474250	1511.569875	1452.229125	1480.327875	1517.856375	1464.706875	1492.853250	1470.945750	1486.614375	1489.710000	1483.471125	1489.710000
Fringe Signal																									
1.292876	1.229699	1.832043	1.116959	2.556277	12.428798	21.363689	2.208620	1.146648	0.984930	4.918948	1.065162	1.073663	16.407197	3.574767	2.594385	0.983238	6.881571	1.296377	1.034983	24.584468	1.566988	18.782814	23.669679	13.867232	24.843427
Laser Intensity Signal																									
65525.488026	65436.383969	46220.261458	39593.820815	65946.238321	64491.458396	57522.331320	65781.791457	66121.851208	65189.039309	58698.795581	65858.593096	66067.373752	66293.891072	58531.171533	46556.412641	46587.966915	45496.806932	45385.457336	36888.790958	44437.078016	43220.545044	46545.457644	46759.444480	38835.431670	46380.372460
Gaussian Fit																									
Amplitude   dAmplitude   Center   dCenter   Width   dWidth																									
24.797934	0.581068	1492.274322	0.233677	7.846766	0.231687																				

																									
Interferometer Scan																									
Wednesday, June 03, 2015	1:42:34 PM																								
X position (cm)																									
2.166667																									
Y position (cm)																									
5.333333																									
Interferometer Positions (um)																									
1479.756375	1526.667000	1520.380500	1495.377375	1454.753250	1529.762625	1523.523750	1507.902750	1467.278625	1517.284875	1461.039750	1514.141625	1492.281750	1504.759500	1470.421875	1489.138500	1486.042875	1457.896500	1501.663875	1482.899625	1498.520625	1511.046000	1473.517500	1476.660750	1464.135375	1492.281750
Fringe Signal																									
5.549641	1.022644	1.139591	22.873973	1.034810	1.124019	1.098988	4.763026	1.087045	1.455189	1.073321	2.261638	24.811090	9.088353	1.210832	19.783850	17.837206	1.071907	14.568725	9.988736	21.087943	3.341203	1.863121	2.170113	1.112734	26.350966
Laser Intensity Signal																									
38625.785938	46388.011336	46236.167045	57750.559130	44082.663260	60889.559204	62160.424141	63556.985815	65004.459786	65657.047613	65841.278484	65655.076291	64302.404076	65225.675244	57603.997041	65560.798822	65536.306708	65419.754865	65590.531195	58038.428631	65641.545728	65366.588129	65430.905160	64688.185672	65776.087204	58310.118605
Gaussian Fit																									
Amplitude   dAmplitude   Center   dCenter   Width   dWidth																									
24.886592	0.548831	1493.481606	0.235458	8.111714	0.227364																				

																									
Interferometer Scan																									
Wednesday, June 03, 2015	1:43:12 PM																								
X position (cm)																									
4.333333																									
Y position (cm)																									
5.333333																									
Interferometer Positions (um)																									
1518.475500	1499.711250	1512.236625	1455.991500	1474.708125	1459.087125	1487.233500	1462.230375	1465.373625	1493.472375	1480.994625	1527.857625	1484.090250	1509.093375	1490.376750	1468.469250	1505.997750	1502.854500	1496.615625	1531.000875	1471.612500	1477.851375	1521.618750	1524.714375	1515.379875	1493.472375
Fringe Signal																									
1.702625	19.434541	3.447607	0.928313	1.521704	1.009791	13.677477	1.125830	1.111529	26.037696	6.158923	1.074298	11.226342	6.050581	23.400157	1.169814	9.983245	11.859096	22.449118	1.073667	1.307050	2.359327	1.117786	1.086486	1.999273	27.671093
Laser Intensity Signal																									
38798.090568	56804.501094	65547.280056	68650.121298	65973.244396	66376.946156	46688.486031	46613.944074	47932.394701	38492.827812	45503.873024	37538.753413	45404.599091	45713.129472	45910.959063	46388.095222	66030.476984	65952.095928	38980.900618	46419.226132	38503.887667	38460.547400	45297.244570	45570.238710	46028.756091	38058.906092
Gaussian Fit																									
Amplitude   dAmplitude   Center   dCenter   Width   dWidth																									
25.279427	0.750198	1494.383657	0.311648	7.917745	0.299665																				

																									
Interferometer Scan																									
Wednesday, June 03, 2015	1:43:50 PM																								
X position (cm)																									
6.500000																									
Y position (cm)																									
5.333333																									
Interferometer Positions (um)																									
1488.138375	1522.523625	1481.899500	1506.902625	1478.756250	1456.896375	1519.380375	1528.762500	1516.237125	1503.759375	1459.992000	1497.520500	1525.619250	1475.613000	1484.995125	1494.377250	1509.998250	1469.374125	1463.135250	1491.281625	1472.517375	1531.905750	1466.278500	1500.616125	1513.141500	1494.377250
Fringe Signal																									
16.168795	1.298578	6.152502	9.652793	3.073193	1.014858	1.552385	1.054713	1.906968	13.061943	1.045266	24.937266	1.095432	1.698179	8.334430	25.987786	6.028360	1.120110	1.037221	20.249297	1.342107	1.050120	1.035632	20.805597	3.396127	25.454060
Laser Intensity Signal																									
66008.667914	66276.146545	65692.728033	65716.819067	58091.701535	65769.144320	65606.462996	58117.150474	65893.695488	58140.147057	65748.863549	65795.622175	57831.063552	65714.529239	46291.084902	38592.097812	46162.731336	45992.935424	46237.766124	46242.571223	46281.607086	45721.794642	37802.104586	45179.544535	38404.850975	46183.929610
Gaussian Fit																									
Amplitude   dAmplitude   Center   dCenter   Width   dWidth																									
25.205006	0.565474	1495.782775	0.234254	7.946096	0.226702																				

																									
Interferometer Scan																									
Wednesday, June 03, 2015	1:44:28 PM																								
X position (cm)																									
8.666667																									
Y position (cm)																									
5.333333																									
Interferometer Positions (um)																									
1486.423875	1495.806000	1464.516375	1502.044875	1517.665875	1498.901625	1520.761500	1523.904750	1530.143625	1505.140500	1527.048000	1467.659625	1492.662750	1461.420750	1477.041750	1470.802875	1458.277500	1480.137375	1489.519500	1483.280625	1533.286875	1473.898500	1514.522625	1508.283750	1511.427000	1495.806000
Fringe Signal																									
11.828748	24.674786	0.997553	19.065743	2.080121	22.010322	1.432732	1.208989	1.062022	11.216821	1.112221	1.134946	22.244080	1.068535	1.758533	1.227606	1.046952	2.617101	15.539950	6.696815	1.024551	1.350444	2.591922	7.293514	5.265429	25.902916
Laser Intensity Signal																									
38222.885028	46116.428841	45890.256241	45864.402289	45846.126920	45228.300698	38047.248548	43630.820065	44593.264722	44935.927562	44926.158766	45090.103624	45225.691054	45029.349130	45067.289231	44995.837952	45038.703739	37561.542902	44566.797353	44250.599260	57227.580539	65060.284662	45897.712927	38249.130885	45845.417820	45855.173509
Gaussian Fit																									
Amplitude   dAmplitude   Center   dCenter   Width   dWidth																									
24.352390	0.554295	1496.185422	0.241334	7.964835	0.231376																				

																									
Interferometer Scan																									
Wednesday, June 03, 2015	1:45:06 PM																								
X position (cm)																									
10.833333																									
Y position (cm)																									
5.333333																									
Interferometer Positions (um)																									
1496.187000	1458.706125	1511.808000	1486.804875	1483.661625	1489.948125	1493.043750	1468.040625	1480.566000	1530.572250	1461.801750	1521.190125	1499.330250	1514.951250	1527.429000	1464.945000	1474.327125	1533.667875	1505.569125	1508.664750	1524.333375	1477.422750	1471.183875	1502.425875	1518.046875	1496.187000
Fringe Signal																									
23.422621	0.941624	4.586381	11.723869	6.024443	15.142002	18.923159	1.066976	2.835125	1.012973	0.958562	1.590798	20.900231	2.621521	0.964224	1.013444	1.253484	0.990937	10.951780	7.615231	1.152046	1.737095	1.016734	18.001458	1.869065	25.413134
Laser Intensity Signal																									
65365.738783	37792.127386	45363.817349	37565.481615	45305.055150	45170.568724	45036.139971	45248.379617	45326.709555	44966.414909	56624.562831	45066.762322	56876.353454	64465.170596	56717.703905	64435.931054	64560.594944	64577.532068	56782.748385	56707.519611	64518.758072	57053.291479	64469.734523	37487.312896	45103.377285	45297.065001
Gaussian Fit																									
Amplitude   dAmplitude   Center   dCenter   Width   dWidth																									
22.919525	0.566112	1496.699422	0.264454	8.068690	0.253910																				

																									
Interferometer Scan																									
Wednesday, June 03, 2015	1:45:44 PM																								
X position (cm)																									
13.000000																									
Y position (cm)																									
5.333333																									
Interferometer Positions (um)																									
1481.089875	1477.946625	1534.191750	1459.182375	1484.185500	1527.952875	1512.331875	1521.714000	1499.806500	1465.468875	1490.472000	1462.325625	1518.570750	1531.096125	1474.803375	1487.328750	1515.427500	1471.707750	1506.093000	1468.564500	1509.188625	1502.949750	1524.809625	1496.710875	1493.567625	1496.710875
Fringe Signal																									
3.273143	2.088567	0.969278	0.981888	5.099086	0.981342	3.532852	1.313085	20.402754	1.003206	16.061803	1.006287	1.888582	0.962159	1.408618	9.977345	2.389152	1.031926	11.326344	0.986242	8.474299	15.335709	1.023446	24.676315	23.349953	22.494336
Laser Intensity Signal																									
36379.859354	45251.243540	37684.559217	45307.805041	45151.881789	45204.066796	45282.315469	37492.536115	45267.597394	45459.397673	45075.154862	57009.291919	64426.607903	64477.147955	62579.979059	62414.520320	63286.423060	64685.863076	57014.453535	64781.381796	64716.734464	57023.536824	45189.069537	45335.247585	45466.285507	37686.796616
Gaussian Fit																									
Amplitude   dAmplitude   Center   dCenter   Width   dWidth																									
23.122192	0.604331	1496.846240	0.274400	7.858180	0.262475																				

																									
Interferometer Scan																									
Wednesday, June 03, 2015	1:46:22 PM																								
X position (cm)																									
15.166667																									
Y position (cm)																									
5.333333																									
Interferometer Positions (um)																									
1487.471625	1512.474750	1471.850625	1515.618000	1496.853750	1524.952500	1481.232750	1484.328375	1493.710500	1518.713625	1506.235875	1521.856875	1462.468500	1490.614875	1531.239000	1474.993875	1459.325250	1478.089500	1528.095750	1503.092625	1509.331500	1468.707375	1499.949375	1465.611750	1534.334625	1496.853750
Fringe Signal																									
11.700021	3.916750	1.105475	2.205754	22.687677	1.031163	3.870836	5.467604	19.718404	1.606030	9.443181	1.352412	0.933093	16.329101	0.972288	1.390687	0.962665	1.503639	0.980908	13.248878	6.957148	1.018267	21.453796	0.982238	0.962073	23.986789
Laser Intensity Signal																									
45406.162780	37665.673052	45415.554089	45152.191119	37602.547466	45281.804288	45196.140872	45341.251994	44910.369833	37434.628506	45133.543506	64385.519452	64530.901893	64601.586401	64693.914829	64352.072499	56817.953014	64341.078180	64244.193690	64382.423532	64429.125796	64882.843320	56906.426614	64446.225449	56543.810683	64642.690580
Gaussian Fit																									
Amplitude   dAmplitude   Center   dCenter   Width   dWidth																									
22.354370	0.586558	1496.580104	0.273850	7.807887	0.262004																				

																									
Interferometer Scan																									
Wednesday, June 03, 2015	1:47:00 PM																								
X position (cm)																									
17.333333																									
Y position (cm)																									
5.333333																									
Interferometer Positions (um)																									
1527.810000	1477.851375	1493.472375	1465.326000	1499.711250	1468.469250	1521.571125	1512.189000	1474.708125	1509.093375	1502.806875	1487.185875	1524.714375	1490.329125	1515.332250	1484.090250	1459.087125	1480.947000	1534.096500	1471.564875	1530.953250	1518.475500	1505.950125	1462.182750	1496.568000	1496.568000
Fringe Signal																									
0.963379	2.062480	20.116485	0.968716	20.104140	1.036830	1.239791	3.038724	1.314061	5.960273	13.329751	12.771010	0.966021	18.636436	2.200569	6.641234	0.981817	3.021940	0.936218	1.089436	0.925804	1.379944	7.416313	0.932717	21.526033	20.878816
Laser Intensity Signal																									
44955.020820	45075.491717	44818.409718	44749.024133	44820.881736	37077.526774	54640.882483	47021.294879	46963.823739	46997.193359	54804.607140	54613.688975	47101.413949	46891.077468	54843.287798	54616.410030	54675.366216	54510.764687	46747.010990	46773.750989	54744.995594	54620.832399	54769.205903	54624.999178	54305.512489	54386.250220
Gaussian Fit																									
Amplitude   dAmplitude   Center   dCenter   Width   dWidth																									
21.565788	0.516183	1495.507107	0.250468	7.912700	0.241286																				

																									
Interferometer Scan																									
Wednesday, June 03, 2015	1:47:38 PM																								
X position (cm)																									
19.500000																									
Y position (cm)																									
5.333333																									
Interferometer Positions (um)																									
1473.612750	1492.377000	1520.523375	1511.141250	1486.138125	1489.233750	1517.380125	1470.517125	1507.998000	1457.991750	1479.899250	1526.762250	1495.520250	1504.902375	1482.994875	1523.619000	1461.135000	1501.759125	1498.615875	1464.278250	1467.373875	1533.001125	1529.905500	1514.236875	1476.756000	1495.520250
Fringe Signal																									
1.243619	18.678269	1.145459	3.226025	12.282613	14.807707	1.826897	1.120595	6.970638	1.007920	2.612656	1.011676	20.922525	9.789837	6.668996	1.059166	0.986212	16.062676	18.727448	0.980339	0.982796	0.977305	0.904742	1.752546	1.908346	22.764983
Laser Intensity Signal																									
65136.808428	65273.639731	65149.843538	57663.705580	65367.235625	55536.783196	57418.096312	45873.071391	45453.099663	64289.924710	57835.193631	62244.581540	62459.782103	63282.826445	63942.241812	65454.039368	65393.333371	47904.919388	47786.809098	47499.292180	55525.327503	55535.619277	47772.590408	48159.761367	54189.161185	57351.717519
Gaussian Fit																									
Amplitude   dAmplitude   Center   dCenter   Width   dWidth																									
20.963433	0.473470	1495.440268	0.247123	8.248102	0.236791																				

																									
Interferometer Scan																									
Wednesday, June 03, 2015	1:48:16 PM																								
X position (cm)																									
21.666667																									
Y position (cm)																									
5.333333																									
Interferometer Positions (um)																									
1470.421875	1473.565125	1507.950375	1501.711500	1479.804000	1526.667000	1529.810250	1476.708375	1495.425000	1457.944125	1504.807125	1464.183000	1517.332500	1498.568250	1489.186125	1514.189250	1523.571375	1461.087375	1532.953500	1511.046000	1467.326250	1482.947250	1520.428125	1486.042875	1492.329375	1495.425000
Fringe Signal																									
1.129858	1.366485	4.974256	10.093776	4.186226	1.047070	1.009657	2.332299	21.445753	0.982784	8.108379	1.045550	1.329870	16.206166	19.016808	1.946414	0.997378	0.953235	0.961300	2.312589	1.042880	6.083202	1.107507	12.954962	20.334438	21.456620
Laser Intensity Signal																									
38064.479273	46027.585618	45915.191378	46160.791470	45977.056051	44255.080612	60848.647700	60301.474529	58940.949791	64285.056696	56970.263921	37818.544947	38244.315300	38170.166559	38285.711770	48039.135805	48193.373471	56035.112387	55902.571069	47492.097638	47580.483420	47242.617815	55327.221350	55571.004785	47505.664901	55218.183864
Gaussian Fit																									
Amplitude   dAmplitude   Center   dCenter   Width   dWidth																									
21.187215	0.583669	1493.640815	0.274631	7.648676	0.267605																				

																									
Interferometer Scan																									
Wednesday, June 03, 2015	1:48:54 PM																								
X position (cm)																									
23.833333																									
Y position (cm)																									
5.333333																									
Interferometer Positions (um)																									
1471.755375	1487.376375	1459.277625	1518.618375	1484.280750	1493.662875	1474.898625	1477.994250	1468.659750	1512.379500	1509.283875	1521.761625	1515.522750	1456.134375	1506.140625	1465.516500	1502.997375	1499.901750	1496.758500	1462.373250	1528.000500	1490.519625	1531.143750	1481.137500	1524.904875	1493.662875
Fringe Signal																									
1.514515	14.529288	1.013178	1.166076	13.003025	19.786368	2.128913	3.377341	1.175234	2.060613	2.355645	0.959892	1.314218	0.911334	5.219555	0.997375	7.299099	9.985253	15.436626	0.949906	0.961094	19.796550	0.932911	7.827516	0.978927	18.317913
Laser Intensity Signal																									
64577.644790	63556.010639	47377.167155	56696.159601	55402.429153	47666.909676	55564.559974	55694.169211	55948.486902	48767.310234	48929.323090	56855.106683	48951.188521	48651.433411	48956.693545	56662.758523	56056.945050	48539.450737	56267.484692	56050.964234	48309.161165	48255.475384	56282.876477	56993.371914	58432.933069	55271.658619
Gaussian Fit																									
Amplitude   dAmplitude   Center   dCenter   Width   dWidth																									
18.961288	0.523757	1491.912682	0.291313	8.117422	0.283985																				

																									
Interferometer Scan																									
Wednesday, June 03, 2015	1:49:32 PM																								
X position (cm)																									
26.000000																									
Y position (cm)																									
5.333333																									
Interferometer Positions (um)																									
1466.897625	1513.808250	1463.802000	1479.423000	1454.419875	1476.279750	1488.805125	1485.661875	1460.658750	1470.040875	1523.142750	1520.047125	1457.515500	1510.665000	1501.282875	1529.429250	1491.900750	1482.518625	1507.521750	1504.426125	1473.184125	1495.044000	1526.286000	1498.139625	1516.903875	1491.900750
Fringe Signal																									
1.220699	1.278537	1.036609	6.179739	0.966821	3.241865	18.262039	16.421214	0.995120	1.312867	0.919189	0.990414	0.937847	1.465004	5.136288	0.949658	16.749835	12.208890	2.490711	3.127819	2.332001	13.503583	1.024504	8.013443	1.100625	16.504375
Laser Intensity Signal																									
43519.119196	44718.504018	44667.239137	64384.508887	64386.282291	64094.093967	64366.890189	63789.137920	55935.923651	56423.868006	58736.071148	64942.621327	64357.072896	56503.911055	64366.372454	64127.526502	56433.421844	47789.591757	50335.168594	48712.339948	43781.770445	51502.044938	51385.885000	51277.903954	50436.734976	52114.577162
Gaussian Fit																									
Amplitude   dAmplitude   Center   dCenter   Width   dWidth																									
17.885296	0.502996	1489.357168	0.267927	7.504565	0.266431																				

																									
Interferometer Scan																									
Wednesday, June 03, 2015	1:50:10 PM																								
X position (cm)																									
26.000000																									
Y position (cm)																									
8.000000																									
Interferometer Positions (um)																									
1467.469125	1495.615500	1464.373500	1483.090125	1451.848125	1511.236500	1458.087000	1492.472250	1461.230250	1508.093250	1523.714250	1504.997625	1517.475375	1526.857500	1489.376625	1520.618625	1473.755625	1514.379750	1501.854375	1479.994500	1454.991375	1498.711125	1486.233375	1470.612375	1476.851250	1489.376625
Fringe Signal																									
1.425574	9.247194	1.116335	13.680311	1.051095	1.212542	0.979166	13.614485	0.969273	1.450403	1.000485	1.989073	0.991828	0.958406	14.791740	0.989184	4.291795	1.091318	3.169929	12.603480	0.954023	6.136568	16.817516	2.256112	5.623774	16.759017
Laser Intensity Signal																									
35088.146104	42153.210020	42309.378376	52879.969485	60201.477079	55771.703542	63111.974093	63243.275469	44087.646618	44078.261862	42631.304315	43323.922842	35468.867011	42967.357194	35719.428178	43009.648886	35437.027000	42513.048535	51303.124828	51544.077107	44137.157755	45689.275679	53781.677998	53763.343647	52200.817295	51094.214410
Gaussian Fit																									
Amplitude   dAmplitude   Center   dCenter   Width   dWidth																									
16.390220	0.472442	1487.258624	0.305269	8.241032	0.299659																				

																									
Interferometer Scan																									
Wednesday, June 03, 2015	1:50:48 PM																								
X position (cm)																									
23.833333																									
Y position (cm)																									
8.000000																									
Interferometer Positions (um)																									
1487.281125	1518.523125	1459.134750	1521.618750	1505.997750	1477.899000	1452.895875	1524.762000	1502.902125	1493.520000	1449.752625	1499.758875	1480.994625	1515.379875	1490.376750	1509.141000	1484.137875	1455.991500	1512.236625	1465.373625	1496.615625	1462.278000	1471.612500	1474.755750	1468.516875	1487.281125
Fringe Signal																									
18.799650	1.071528	1.055575	0.976543	2.797930	6.584274	0.964068	1.003349	4.938181	15.788650	1.010723	9.753835	10.100470	1.308922	18.616772	2.056458	15.933255	0.982805	1.637175	1.051772	13.846669	1.010757	1.458733	2.603020	1.310933	18.055313
Laser Intensity Signal																									
61987.946496	56396.991693	44621.409812	44531.016008	43839.554847	63193.304269	64216.673812	63628.114657	54545.389978	54824.608727	62889.485926	44224.353403	45147.541996	44833.138278	43716.863590	43953.000284	36289.532396	45018.544865	37999.094006	38217.837445	45808.144876	65321.938452	57474.672230	64118.483845	61692.760556	43175.690895
Gaussian Fit																									
Amplitude   dAmplitude   Center   dCenter   Width   dWidth																									
18.853174	0.450074	1489.811212	0.252498	8.315168	0.249529																				

																									
Interferometer Scan																									
Wednesday, June 03, 2015	1:51:26 PM																								
X position (cm)																									
21.666667																									
Y position (cm)																									
8.000000																									
Interferometer Positions (um)																									
1461.706500	1502.330625	1458.563250	1527.333750	1521.047250	1511.665125	1467.945375	1505.426250	1489.805250	1483.566375	1477.327500	1471.041000	1524.190500	1486.709625	1492.948500	1480.423125	1455.420000	1499.187375	1508.569500	1464.802125	1474.184250	1496.044125	1514.808375	1517.951625	1452.324375	1489.805250
Fringe Signal																									
1.049678	9.328598	0.999482	0.966805	1.006485	1.692801	1.126365	5.414967	20.547504	12.993323	4.178140	1.395319	0.941296	18.419216	21.186587	7.420207	0.996371	14.832362	3.181385	0.993959	1.681031	18.878494	1.544782	1.183033	0.918174	20.784048
Laser Intensity Signal																									
65051.993047	46305.201357	46297.863946	38624.906445	46184.401469	46026.409902	38646.167634	38501.268849	46239.460884	46215.846953	38594.250015	46166.057943	38580.073267	38689.041285	38651.178516	46450.413404	46661.249270	46624.739164	56089.741885	48358.674924	48281.570509	56084.364001	55961.212682	56158.322688	48317.785702	48336.241951
Gaussian Fit																									
Amplitude   dAmplitude   Center   dCenter   Width   dWidth																									
21.468655	0.380558	1491.936941	0.188497	8.259827	0.184722																				

																									
Interferometer Scan																									
Wednesday, June 03, 2015	1:52:04 PM																								
X position (cm)																									
19.500000																									
Y position (cm)																									
8.000000																									
Interferometer Positions (um)																									
1491.948375	1495.044000	1488.805125	1504.426125	1466.945250	1473.184125	1470.040875	1498.187250	1510.665000	1516.951500	1479.423000	1482.566250	1507.569375	1460.706375	1523.190375	1454.419875	1513.808250	1501.330500	1520.047125	1463.802000	1485.709500	1526.333625	1457.563125	1476.327375	1529.429250	1491.948375
Fringe Signal																									
20.344394	22.681800	19.895222	8.961898	1.015416	1.290595	1.075750	19.448764	3.126114	1.490088	4.831539	6.711479	5.712964	0.960360	1.030932	0.967636	1.808365	11.210136	1.100034	0.989187	11.080123	0.948945	0.963590	1.703913	0.904472	23.572733
Laser Intensity Signal																									
65326.968996	66080.060211	46649.064817	56289.203323	56054.353756	56051.200164	48687.463793	56240.271524	56283.851653	56197.237965	56210.581094	56382.959124	56384.081101	48947.034849	56544.391332	56196.633723	56597.837251	58055.808778	58388.344996	66185.760604	58340.704256	66159.761162	38977.304003	38965.756559	66092.843663	46749.618012
Gaussian Fit																									
Amplitude   dAmplitude   Center   dCenter   Width   dWidth																									
22.536362	0.657974	1493.778132	0.291136	7.660940	0.284213																				

																									
Interferometer Scan																									
Wednesday, June 03, 2015	1:52:42 PM																								
X position (cm)																									
17.333333																									
Y position (cm)																									
8.000000																									
Interferometer Positions (um)																									
1521.904500	1496.901375	1503.140250	1518.761250	1531.286625	1525.047750	1465.659375	1475.041500	1478.137125	1528.143375	1509.426750	1484.423625	1493.758125	1456.277250	1459.420500	1512.522375	1471.898250	1462.516125	1487.519250	1500.044625	1490.662500	1515.665625	1481.280375	1506.283500	1468.755000	1493.758125
Fringe Signal																									
0.988321	20.878230	12.206910	1.359461	0.934552	0.962043	0.978020	1.464452	2.149243	0.922180	3.499273	10.419791	23.345064	0.926277	0.930645	2.614363	1.171637	0.954741	13.323508	17.424565	21.838755	1.761244	5.410313	8.140472	1.016245	22.471578
Laser Intensity Signal																									
66701.703250	66129.762714	58208.020070	66155.085824	66286.433075	65923.532718	66159.837184	65606.504940	58352.173056	38858.872586	46507.701043	46760.672625	38796.401050	46753.821491	56225.037025	56314.314097	48673.399767	48482.865644	56335.741747	48531.699139	48844.239012	56220.964618	56208.099901	56468.432486	48686.512210	46664.097464
Gaussian Fit																									
Amplitude   dAmplitude   Center   dCenter   Width   dWidth																									
22.681792	0.491560	1494.544138	0.227708	7.921600	0.218970																				

																									
Interferometer Scan																									
Wednesday, June 03, 2015	1:53:20 PM																								
X position (cm)																									
15.166667																									
Y position (cm)																									
8.000000																									
Interferometer Positions (um)																									
1472.660250	1503.902250	1525.809750	1500.806625	1491.424500	1457.039250	1488.281250	1469.564625	1516.427625	1482.042375	1494.567750	1460.182500	1522.666500	1485.185625	1519.523250	1507.045500	1497.663375	1463.278125	1478.899125	1510.188750	1532.048625	1513.284375	1528.905375	1475.803500	1466.421375	1494.567750
Fringe Signal																									
1.187109	13.751975	0.985023	16.596773	20.765500	0.939162	12.377278	0.968554	1.818316	5.338621	22.962908	0.955872	1.028152	9.488857	1.484026	6.756679	22.429098	0.901603	2.311076	5.482472	0.881536	2.423213	0.943188	1.480313	0.964191	23.796843
Laser Intensity Signal																									
65822.894326	65715.451986	38748.782592	58029.236552	65754.441974	65673.873326	65833.463972	65684.651377	65602.047181	58025.043558	66000.089252	46470.741361	46418.223432	38482.055004	38502.254510	38602.168074	46314.441933	65541.388370	46075.715256	46163.030180	46330.871808	38479.349678	38548.896481	46522.383729	65992.892088	66072.101519
Gaussian Fit																									
Amplitude   dAmplitude   Center   dCenter   Width   dWidth																									
22.919524	0.558871	1495.660318	0.251882	7.807068	0.242851																				

																									
Interferometer Scan																									
Wednesday, June 03, 2015	1:53:58 PM																								
X position (cm)																									
13.000000																									
Y position (cm)																									
8.000000																									
Interferometer Positions (um)																									
1514.427375	1508.140875	1501.902000	1483.137750	1467.516750	1489.424250	1520.666250	1492.519875	1530.048375	1461.277875	1517.523000	1473.803250	1495.663125	1505.045250	1526.905125	1523.761875	1498.806375	1464.421125	1476.898875	1480.042125	1533.144000	1470.660000	1511.284125	1486.281000	1458.182250	1495.663125
Fringe Signal																									
2.493911	7.399515	15.580273	5.482396	0.998863	13.864295	1.403106	22.864310	0.928431	0.943871	1.983551	1.077053	22.173003	12.415797	0.940525	0.964443	21.741936	0.951815	1.516858	2.279344	0.941327	1.028274	4.577669	11.115230	0.943661	22.436642
Laser Intensity Signal																									
66109.485875	46495.111578	38787.387228	66106.064896	66105.148703	66206.121329	66104.275763	66152.394916	66151.689748	66159.336489	66110.238228	66432.533791	66085.309645	66058.511974	46549.552333	58421.317468	66157.403177	65906.250875	38903.623188	46697.282273	38843.453276	46766.403092	66265.026396	66342.309069	66283.090739	56356.071014
Gaussian Fit																									
Amplitude   dAmplitude   Center   dCenter   Width   dWidth																									
22.470716	0.557654	1496.148297	0.265083	8.045404	0.254452																				

																									
Interferometer Scan																									
Wednesday, June 03, 2015	1:54:38 PM																								
X position (cm)																									
10.833333																									
Y position (cm)																									
8.000000																									
Interferometer Positions (um)																									
1483.661625	1474.279500	1521.142500	1480.518375	1489.900500	1471.136250	1493.043750	1464.897375	1530.524625	1533.667875	1496.139375	1518.046875	1511.760375	1458.658500	1486.757250	1514.903625	1508.664750	1477.375125	1527.381375	1468.040625	1524.285750	1461.754125	1505.521500	1499.282625	1502.378250	1496.139375
Fringe Signal																									
6.004986	1.326178	1.339497	3.458473	12.935114	1.043192	21.197500	0.998109	0.928640	0.931509	23.640287	1.765230	3.755280	0.944801	8.751631	2.834181	6.643542	1.823550	1.034889	1.064101	1.186430	0.971545	13.939678	21.727319	17.759691	24.291876
Laser Intensity Signal																									
57601.484390	38142.021468	45863.725957	38235.756298	45686.676521	45836.895519	65715.843891	46010.824131	57515.886510	57848.918180	57802.940744	58136.246354	65864.720712	47005.060301	37720.121672	54192.361964	54397.886792	54446.764851	54539.409162	54314.764861	55888.184607	56031.302124	48385.878917	48234.210263	48263.725056	48340.656456
Gaussian Fit																									
Amplitude   dAmplitude   Center   dCenter   Width   dWidth																									
23.325796	0.563829	1497.143666	0.249390	7.775145	0.239976																				

																									
Interferometer Scan																									
Wednesday, June 03, 2015	1:55:16 PM																								
X position (cm)																									
8.666667																									
Y position (cm)																									
8.000000																									
Interferometer Positions (um)																									
1487.757375	1512.760500	1509.664875	1481.518500	1469.040750	1500.282750	1484.661750	1493.996250	1503.378375	1528.381500	1478.375250	1490.900625	1506.521625	1534.620375	1472.136375	1525.285875	1475.279625	1497.139500	1465.897500	1459.658625	1531.524750	1522.142625	1515.903750	1518.999375	1462.754250	1497.139500
Fringe Signal																									
14.326593	4.174413	5.885953	4.361639	1.015551	23.950589	7.427671	23.430487	18.933452	0.998425	2.102014	18.788613	12.080529	0.964508	1.184915	1.091758	1.373602	25.408140	1.000751	1.044717	0.975860	1.237132	2.171790	1.941067	1.008094	24.993863
Laser Intensity Signal																									
67758.797619	67564.559401	67504.500900	49673.270723	49876.157071	57446.774866	57630.322852	57722.024755	57679.012168	57715.152650	49899.432837	57709.156106	57530.628178	49766.240092	49568.316129	57620.862075	57545.951805	57742.183629	57739.250237	57678.158889	57491.663094	57361.142907	57328.488940	57512.147026	49716.253164	57708.023644
Gaussian Fit																									
Amplitude   dAmplitude   Center   dCenter   Width   dWidth																									
25.340484	0.439280	1496.894975	0.186897	8.118237	0.179257																				

																									
Interferometer Scan																									
Wednesday, June 03, 2015	1:55:53 PM																								
X position (cm)																									
6.500000																									
Y position (cm)																									
8.000000																									
Interferometer Positions (um)																									
1512.522375	1493.758125	1503.140250	1475.041500	1490.662500	1462.516125	1471.898250	1525.000125	1484.376000	1465.659375	1481.280375	1509.379125	1521.904500	1487.519250	1534.382250	1506.283500	1496.901375	1531.286625	1478.137125	1518.761250	1468.755000	1459.372875	1499.997000	1515.665625	1528.143375	1496.901375
Fringe Signal																									
5.047533	27.059905	19.012503	1.245710	17.433058	1.077661	1.103297	1.255716	8.171386	1.078477	2.831033	8.769857	1.297799	13.156486	1.035411	10.226296	27.217370	1.041399	2.407402	1.999043	0.994738	1.009936	24.283198	2.702822	1.050851	26.189755
Laser Intensity Signal																									
68357.866127	68627.008061	68603.112325	60463.001108	60699.590001	48453.088707	48693.916467	50444.781486	58525.138289	58593.299661	50510.124810	58737.925816	58391.527424	58318.020936	58684.599173	58487.089398	58427.285176	50573.849395	58656.629719	58529.335214	50981.014077	58696.454636	58659.732193	58550.798254	58435.106243	58531.178086
Gaussian Fit																									
Amplitude   dAmplitude   Center   dCenter   Width   dWidth																									
26.657406	0.665358	1496.781344	0.260770	7.812975	0.249408																				

																									
Interferometer Scan																									
Wednesday, June 03, 2015	1:56:32 PM																								
X position (cm)																									
4.333333																									
Y position (cm)																									
8.000000																									
Interferometer Positions (um)																									
1468.659750	1496.758500	1481.137500	1462.420875	1474.898625	1478.041875	1499.901750	1490.519625	1487.424000	1465.516500	1512.427125	1534.287000	1471.803000	1506.140625	1484.280750	1503.045000	1493.662875	1528.048125	1515.522750	1524.904875	1459.277625	1531.143750	1509.283875	1521.761625	1518.666000	1496.758500
Fringe Signal																									
1.090400	28.064243	4.765864	1.054587	1.199182	2.016104	25.945287	21.890753	14.391452	1.087944	4.354420	1.024093	1.170162	13.494777	8.734517	19.936017	27.247064	1.029489	2.058343	1.082154	1.072340	1.010214	6.703755	1.571931	1.498939	28.700497
Laser Intensity Signal																									
69410.286469	41481.333637	61508.428759	49408.070124	41363.346555	49462.820209	69336.955617	69345.823949	61258.937139	61419.336499	61312.368640	69482.242376	69675.241964	59390.992056	59391.909560	59297.529856	59291.120435	69181.658890	69450.484941	69416.406221	69366.159770	69303.610900	61328.444621	68984.948654	61288.398193	69283.896361
Gaussian Fit																									
Amplitude   dAmplitude   Center   dCenter   Width   dWidth																									
28.502750	0.411605	1496.392949	0.152766	7.943640	0.146442																				

																									
Interferometer Scan																									
Wednesday, June 03, 2015	1:57:10 PM																								
X position (cm)																									
2.166667																									
Y position (cm)																									
8.000000																									
Interferometer Positions (um)																									
1477.660875	1533.906000	1527.619500	1505.759625	1471.374375	1493.281875	1496.377500	1468.278750	1483.899750	1462.039875	1458.896625	1524.523875	1508.902875	1502.664000	1521.380625	1530.762750	1490.138625	1518.285000	1511.998500	1515.141750	1465.135500	1480.756500	1499.520750	1486.995375	1474.517625	1496.377500
Fringe Signal																									
2.368320	1.082095	1.105999	11.174403	1.236815	27.265013	28.875516	1.103256	6.113476	1.124589	1.063379	1.240556	6.615439	18.594214	1.360442	1.072323	22.705845	1.800626	4.173339	2.959367	1.113024	2.966454	26.725995	14.220580	1.418665	29.425348
Laser Intensity Signal																									
42126.809498	50154.350838	42153.400074	50155.454464	50094.114079	50175.406244	50209.086505	42260.122829	50186.564403	42133.285765	70159.484846	70276.867686	62048.446710	70227.448300	70031.107686	61844.621885	62131.547668	62004.734198	62162.733629	70083.712123	70076.292137	62083.672310	62129.586831	70155.754537	69536.208650	69976.807178
Gaussian Fit																									
Amplitude   dAmplitude   Center   dCenter   Width   dWidth																									
29.329159	0.591112	1495.931720	0.200239	7.397957	0.191308																				

																									
Interferometer Scan																									
Wednesday, June 03, 2015	1:57:48 PM																								
X position (cm)																									
0.000000																									
Y position (cm)																									
8.000000																									
Interferometer Positions (um)																									
1467.802500	1514.665500	1477.184625	1474.041375	1520.952000	1470.945750	1530.286500	1502.187750	1489.662375	1527.190875	1511.569875	1483.423500	1524.047625	1533.429750	1517.808750	1464.659250	1461.563625	1480.327875	1486.566750	1458.420375	1499.044500	1492.805625	1508.426625	1495.948875	1505.283375	1495.948875
Fringe Signal																									
1.134795	2.716484	2.402061	1.449810	1.386587	1.183286	1.083322	17.965397	23.564757	1.119007	3.665820	9.330757	1.210937	1.109018	1.706463	1.057002	1.137608	3.314283	12.277595	1.039709	28.164044	30.314646	9.002828	29.914146	15.075708	30.010046
Laser Intensity Signal																									
50671.858483	50734.274970	62852.485612	50766.151680	50556.387983	42776.343347	62729.097052	42727.574077	42919.238042	42940.722053	51067.598930	50958.872084	50708.852244	50887.652803	50947.847619	43127.683154	42921.205432	50850.313011	50814.623416	43091.456164	51102.540104	50929.393992	42893.403750	51068.564931	50997.221130	50963.058524
Gaussian Fit																									
Amplitude   dAmplitude   Center   dCenter   Width   dWidth																									
30.243943	0.720873	1495.644075	0.246345	7.737756	0.235893																				

																									
Interferometer Scan																									
Wednesday, June 03, 2015	1:58:32 PM																								
X position (cm)																									
0.000000																									
Y position (cm)																									
0.000000																									
Interferometer Positions (um)																									
1486.281000	1517.523000	1520.666250	1498.758750	1514.379750	1492.519875	1533.144000	1467.516750	1476.898875	1461.277875	1501.902000	1483.137750	1470.660000	1508.140875	1458.134625	1489.376625	1495.663125	1504.997625	1523.761875	1480.042125	1526.905125	1464.373500	1530.000750	1473.755625	1511.284125	1495.663125
Fringe Signal																									
22.433200	0.811916	0.824177	3.839831	0.821037	9.586460	0.820383	3.524503	16.079961	1.112430	2.578322	25.532560	7.252975	1.219636	1.022072	19.674038	8.034944	1.559295	0.835176	24.376537	0.807372	2.116637	0.822690	12.839901	0.944511	5.932065
Laser Intensity Signal																									
64302.664909	64022.216704	56291.691069	56260.503798	64016.094331	64364.367053	63977.669263	64149.996175	64172.126372	56179.876168	64083.045908	63951.663268	63682.113700	44320.055624	44175.471411	36451.610788	63936.318669	64100.034150	63846.462259	56080.767386	63809.670349	63788.424888	63902.719672	55912.073789	44115.334267	44201.512796
Gaussian Fit																									
Amplitude   dAmplitude   Center   dCenter   Width   dWidth																									
25.076743	0.663184	1483.087044	0.231527	7.810107	0.225306																				

