
																														
Interferometer Scan																														
Monday, June 01, 2015	9:12:56 PM																													
X position (cm)																														
0.000000																														
Y position (cm)																														
0.000000																														
Interferometer Positions (um)																														
1470.850500	1441.894500	1434.655500	1482.899625	1446.704625	1468.421625	1451.562375	1432.226625	1485.328500	1453.943625	1456.372500	1494.996375	1463.611500	1429.797750	1466.040375	1480.518375	1492.567500	1461.182625	1424.987625	1458.801375	1478.089500	1475.660625	1427.416500	1437.084375	1444.323375	1439.465625	1473.279375	1487.757375	1490.186250	1449.133500	1459.992000
Fringe Signal																														
1.745694	12.470023	4.487247	1.152630	17.136460	2.334219	16.867861	2.820584	1.109387	13.652757	12.705177	1.072033	4.407656	1.934967	3.101743	1.138736	1.109806	5.959172	1.340721	8.856897	1.178056	1.283970	1.388819	5.213158	14.222000	8.849813	1.446213	1.114395	1.081296	17.551469	8.442630
Laser Intensity Signal																														
46647.221944	46743.874437	39167.219466	39469.188383	39415.641539	33443.918643	39456.959365	33503.755633	39202.872361	39438.339277	39250.350572	33393.841275	39324.260762	39225.196544	33551.615263	39292.495462	31534.879867	31599.379087	46828.190433	46973.474570	46974.763008	46785.227653	41006.539735	47006.739333	25887.055544	31695.699968	31786.104259	31668.794819	31887.514665	31724.196332	31907.175465
Gaussian Fit																														
Amplitude   dAmplitude   Center   dCenter   Width   dWidth																														
17.097870	0.423059	1449.236820	0.239947	8.784812	0.244045																									

																														
Interferometer Scan																														
Monday, June 01, 2015	9:13:39 PM																													
X position (cm)																														
2.166667																														
Y position (cm)																														
0.000000																														
Interferometer Positions (um)																														
1472.184000	1423.892250	1416.653250	1414.224375	1464.945000	1450.467000	1467.326250	1455.277125	1435.941375	1419.082125	1481.804250	1421.463375	1479.423000	1484.233125	1433.560125	1443.180375	1448.038125	1462.516125	1426.321125	1474.565250	1428.702375	1452.848250	1440.799125	1438.370250	1469.755125	1457.706000	1460.087250	1476.994125	1445.609250	1431.131250	1449.228750
Fringe Signal																														
2.249439	1.205626	1.248171	1.252314	6.197456	18.837309	4.497865	16.441812	3.504223	1.149981	1.174826	1.218645	1.465129	1.221322	2.115663	9.598698	16.252846	9.050720	1.325557	1.686792	1.341982	19.119315	8.483602	5.250624	3.494271	13.587617	11.538511	1.596565	14.814118	1.674636	18.593892
Laser Intensity Signal																														
33121.752842	33059.193487	48352.612844	48463.055421	42588.412314	48390.315704	48328.072233	48263.576945	33121.978286	27141.316280	27314.558075	33124.421468	48405.715354	48547.689923	48533.211709	48673.057669	40705.498808	34762.011443	40630.933258	40613.331599	40892.570010	34927.563244	40768.311132	41067.001938	40762.730086	34874.214318	40869.476434	40963.455058	35108.408525	40804.154081	40803.467264
Gaussian Fit																														
Amplitude   dAmplitude   Center   dCenter   Width   dWidth																														
18.294713	0.429401	1451.949760	0.260562	8.951911	0.258228																									

																														
Interferometer Scan																														
Monday, June 01, 2015	9:14:22 PM																													
X position (cm)																														
4.333333																														
Y position (cm)																														
0.000000																														
Interferometer Positions (um)																														
1429.035750	1445.895000	1453.134000	1421.796750	1486.947750	1472.469750	1431.417000	1450.752750	1441.084875	1460.420625	1426.606875	1462.801875	1477.279875	1455.562875	1433.845875	1419.367875	1424.178000	1438.656000	1470.040875	1457.991750	1467.659625	1482.137625	1474.898625	1448.323875	1416.939000	1479.708750	1465.230750	1436.274750	1443.513750	1484.518875	1451.943375
Fringe Signal																														
1.338903	9.292725	20.093457	1.298194	1.189376	2.666852	1.347558	16.674396	5.487011	15.036083	1.330639	13.362525	1.762598	19.580130	1.781512	1.244241	1.281303	2.950918	4.509732	17.210444	7.215912	1.417229	1.824369	14.673794	1.186796	1.604665	8.028691	2.128462	7.026551	1.261551	19.854127
Laser Intensity Signal																														
48508.778578	48573.935780	42533.671404	48382.578524	42613.755085	40916.662354	34865.031414	40979.698811	40747.553260	40920.133140	48282.856325	33280.800850	27579.237007	33570.801582	48345.452380	48466.978406	48532.144783	48446.714675	48509.668557	48589.849231	48436.859372	48732.235366	42636.528845	48722.889933	42701.780419	48462.984643	40955.959050	40871.421542	40669.383229	40917.290189	41157.887263
Gaussian Fit																														
Amplitude   dAmplitude   Center   dCenter   Width   dWidth																														
19.428600	0.487349	1454.986224	0.263593	8.545987	0.263260																									

																														
Interferometer Scan																														
Monday, June 01, 2015	9:15:05 PM																													
X position (cm)																														
6.500000																														
Y position (cm)																														
0.000000																														
Interferometer Positions (um)																														
1441.704000	1448.943000	1439.275125	1487.566875	1432.036125	1465.849875	1461.039750	1424.797125	1485.138000	1436.893875	1489.995750	1470.660000	1456.182000	1468.278750	1434.465000	1463.421000	1446.561750	1482.756750	1453.800750	1475.517750	1480.327875	1429.654875	1427.226000	1451.371875	1422.415875	1444.132875	1419.987000	1477.899000	1458.610875	1473.088875	1454.991375
Fringe Signal																														
3.471056	10.051654	2.578474	1.201421	1.370476	11.341973	17.225964	1.161199	1.409118	1.772489	1.204995	5.269007	19.996545	8.497403	1.345220	15.173954	9.201767	1.624819	18.882615	3.345396	1.721947	1.375883	1.235784	13.610913	1.175522	4.512318	1.170157	2.064945	19.278992	4.351595	20.668093
Laser Intensity Signal																														
48737.102070	48635.159511	48614.114591	43024.617308	48767.312855	48671.256740	42975.663227	42712.028938	48885.708882	48562.106532	33722.746798	33660.157297	33578.852024	33800.312586	27759.048131	27986.296832	42947.827466	48572.792832	48656.861102	42880.418447	48485.143675	48633.649562	48777.640018	48740.583342	42947.989996	48625.230807	42866.325586	48936.741765	42893.201900	42916.430479	33708.870205
Gaussian Fit																														
Amplitude   dAmplitude   Center   dCenter   Width   dWidth																														
19.649854	0.509411	1457.523215	0.273047	8.452909	0.270457																									

																														
Interferometer Scan																														
Monday, June 01, 2015	9:15:48 PM																													
X position (cm)																														
8.666667																														
Y position (cm)																														
0.000000																														
Interferometer Positions (um)																														
1473.231750	1436.989125	1461.135000	1441.846875	1432.179000	1458.753750	1429.750125	1451.467125	1422.511125	1482.852000	1439.418000	1485.280875	1453.896000	1449.085875	1427.368875	1478.041875	1444.228125	1463.563875	1468.374000	1446.657000	1456.324875	1470.802875	1434.607875	1475.613000	1424.940000	1487.709750	1492.519875	1490.091000	1465.992750	1480.470750	1457.515500
Fringe Signal																														
5.526477	1.462757	20.175977	2.700415	1.246681	20.215977	1.201202	12.567654	1.204884	1.757470	1.907193	1.336766	16.891271	10.571806	1.307326	2.630159	4.398957	17.410650	10.595413	7.413954	18.050631	8.117619	1.341088	4.022765	1.327486	1.418894	1.186781	1.237499	12.675601	2.021632	21.408532
Laser Intensity Signal																														
33955.913400	34007.477125	34021.048320	28146.389484	43249.721672	34006.678897	28129.220362	33962.557440	33867.095081	33814.831432	34003.449283	43086.981366	49128.076739	49016.252662	48993.320305	49154.879652	28233.463235	34206.745887	33923.521577	43365.591941	49108.231127	43352.213422	33961.767076	33971.517522	49098.516070	34023.642235	28001.902264	34029.768540	33960.831222	35547.102577	41472.239862
Gaussian Fit																														
Amplitude   dAmplitude   Center   dCenter   Width   dWidth																														
19.897301	0.445769	1459.021769	0.249496	8.783198	0.243463																									

																														
Interferometer Scan																														
Monday, June 01, 2015	9:16:31 PM																													
X position (cm)																														
10.833333																														
Y position (cm)																														
0.000000																														
Interferometer Positions (um)																														
1489.186125	1472.279250	1462.659000	1460.230125	1457.801250	1450.562250	1452.991125	1433.655375	1445.752125	1455.420000	1467.469125	1426.416375	1440.942000	1484.376000	1438.513125	1424.035125	1436.084250	1428.845250	1431.274125	1465.040250	1486.757250	1479.518250	1481.947125	1477.137000	1491.615000	1448.181000	1474.708125	1494.043875	1443.323250	1469.898000	1459.039500
Fringe Signal																														
1.261826	7.205082	18.778572	20.902811	19.310762	10.218984	12.260791	1.350497	3.972661	15.500341	13.876881	1.217701	1.811342	1.837915	1.462824	1.147421	1.359759	1.299967	1.313600	18.806785	1.503914	2.298167	2.063230	3.623663	1.283423	6.433936	6.438428	1.233282	2.573798	11.195634	20.822656
Laser Intensity Signal																														
34032.243180	41609.037087	41518.115062	49067.981537	49095.144899	49100.939592	49229.708657	48943.185265	48905.277932	48958.322770	49055.357993	48924.961014	48930.610217	28175.909519	28414.218076	28340.125696	34071.265935	33921.787494	49045.796291	43381.771469	49142.983557	34203.652588	28110.524252	33840.833495	49258.408182	43275.863982	43196.494643	48977.561518	49067.480842	49120.137708	49118.706401
Gaussian Fit																														
Amplitude   dAmplitude   Center   dCenter   Width   dWidth																														
20.108084	0.450777	1460.869694	0.243791	8.608768	0.238837																									

																														
Interferometer Scan																														
Monday, June 01, 2015	9:17:15 PM																													
X position (cm)																														
13.000000																														
Y position (cm)																														
0.000000																														
Interferometer Positions (um)																														
1430.702625	1483.804500	1488.614625	1478.994375	1486.233375	1457.229750	1464.468750	1466.897625	1435.512750	1449.990750	1495.853625	1469.326500	1452.419625	1459.658625	1471.755375	1476.565500	1481.375625	1474.136625	1462.087500	1425.892500	1454.848500	1442.751750	1445.180625	1440.370500	1447.609500	1437.941625	1433.131500	1491.043500	1493.472375	1428.273750	1460.849250
Fringe Signal																														
1.329805	2.133626	1.499631	2.971155	1.640590	17.565691	20.766596	17.032347	1.326855	6.113847	1.253158	12.948621	11.368488	19.100559	10.633000	5.183761	2.716672	6.156014	20.430887	1.305592	13.551264	2.236844	2.446202	1.583319	4.116581	1.345267	1.287023	1.309405	1.268975	1.344688	21.759829
Laser Intensity Signal																														
49248.234373	49038.327808	34218.083615	34193.248092	34221.536051	28547.139502	34365.852877	34400.508314	34451.121766	28571.453358	34392.771133	28610.974188	34285.340590	34151.335199	35981.078036	41670.328975	41634.381169	41728.328335	41735.676232	49161.463398	43318.602629	43547.449098	49148.336538	49127.675658	43285.233009	43513.572229	49311.302287	49163.951145	49035.338056	49183.617188	49169.935892
Gaussian Fit																														
Amplitude   dAmplitude   Center   dCenter   Width   dWidth																														
20.609936	0.482089	1462.067760	0.249591	8.348825	0.242652																									

																														
Interferometer Scan																														
Monday, June 01, 2015	9:17:58 PM																													
X position (cm)																														
15.166667																														
Y position (cm)																														
0.000000																														
Interferometer Positions (um)																														
1468.088250	1453.610250	1441.561125	1465.707000	1497.044250	1458.468000	1475.327250	1429.464375	1463.278125	1482.566250	1489.805250	1492.234125	1443.942375	1480.185000	1460.849250	1446.371250	1494.663000	1427.083125	1477.756125	1472.946000	1448.800125	1470.517125	1434.322125	1487.424000	1484.995125	1436.703375	1431.893250	1456.039125	1451.229000	1439.132250	1462.087500
Fringe Signal																														
16.617767	13.462444	1.928038	20.077827	1.249618	18.715582	8.135290	1.298703	22.986225	2.910495	1.402806	1.397334	2.538178	3.750476	22.196551	3.951701	1.290343	1.289680	5.241457	9.889198	5.362180	13.809110	1.344868	1.696217	2.097340	1.279049	1.313505	15.017308	8.904631	1.432191	20.390559
Laser Intensity Signal																														
29076.256195	49645.860946	49735.451279	49804.946964	49926.491341	43999.225446	44151.187702	49725.086106	49805.070172	49950.467031	49974.550200	49734.127452	34808.175002	34891.817288	34994.416517	34689.464402	42272.767345	42295.690527	42504.282440	42274.291712	42370.569339	42223.695299	42441.792553	42148.166369	36533.228012	36562.370560	42305.059553	42490.574930	42303.138038	36555.186504	42250.482483
Gaussian Fit																														
Amplitude   dAmplitude   Center   dCenter   Width   dWidth																														
21.204874	0.458033	1462.672824	0.247123	8.953731	0.239689																									

																														
Interferometer Scan																														
Monday, June 01, 2015	9:18:42 PM																													
X position (cm)																														
17.333333																														
Y position (cm)																														
0.000000																														
Interferometer Positions (um)																														
1463.897250	1485.614250	1442.132625	1480.756500	1446.990375	1461.468375	1471.136250	1478.375250	1454.229375	1497.663375	1459.039500	1495.282125	1430.083500	1432.512375	1466.278500	1492.853250	1427.654625	1439.751375	1475.946375	1487.995500	1449.419250	1434.893625	1456.658250	1444.561500	1490.424375	1437.322500	1468.707375	1483.185375	1473.517500	1451.800500	1462.659000
Fringe Signal																														
21.605980	2.000258	1.854569	3.957279	3.473863	22.205275	14.069181	5.236812	12.769159	1.264465	20.973755	1.385617	1.333250	1.266692	21.139395	1.186655	1.325574	1.510661	8.390079	1.570868	5.508402	1.291911	15.745024	2.236459	1.587796	1.448906	16.711600	2.530532	8.593302	8.249514	23.062485
Laser Intensity Signal																														
50073.682575	43948.438979	44108.599788	49938.966774	29162.066412	29135.242527	42513.495491	42228.193690	42132.799488	36619.094589	42397.977805	42421.614019	42494.781030	36485.899223	36713.149235	36579.702211	42544.752230	42366.705336	36543.316623	36416.939622	42345.185935	42225.994301	42427.402158	42440.690237	42344.723251	42574.208041	42649.624248	42405.486920	36598.525460	36469.007974	42451.047547
Gaussian Fit																														
Amplitude   dAmplitude   Center   dCenter   Width   dWidth																														
22.106802	0.496375	1463.162103	0.248137	8.616019	0.240359																									

																														
Interferometer Scan																														
Monday, June 01, 2015	9:19:25 PM																													
X position (cm)																														
19.500000																														
Y position (cm)																														
0.000000																														
Interferometer Positions (um)																														
1454.705625	1437.798750	1486.090500	1430.559750	1466.802375	1490.900625	1464.373500	1488.519375	1495.758375	1447.466625	1469.183625	1493.329500	1457.134500	1471.612500	1428.178500	1445.037750	1476.422625	1481.280375	1449.895500	1478.851500	1459.563375	1435.417500	1432.988625	1461.944625	1442.656500	1452.276750	1440.227625	1474.041375	1498.139625	1483.661625	1463.182875
Fringe Signal																														
14.864153	1.410934	1.905139	1.236490	19.679262	1.263478	20.325682	1.684349	1.225091	4.014590	16.398800	1.321075	18.094980	13.165625	1.341113	2.016498	6.562312	3.303515	6.048502	5.388442	20.636363	1.359762	1.247649	22.331885	1.846702	7.166393	1.460734	9.843456	1.275120	2.016175	22.450798
Laser Intensity Signal																														
50241.615954	50116.805263	29325.995540	29311.058575	29421.286195	29280.773079	35213.216317	35304.860549	29397.335409	50203.506770	50351.380890	35197.216358	35235.984835	35266.242806	35431.215268	29464.281743	29486.253343	35159.634084	29504.611287	29344.909230	29259.763548	35148.150866	29323.893146	34853.718589	29275.332280	29256.962540	35157.601157	35247.360573	35154.652037	35086.962524	35099.582136
Gaussian Fit																														
Amplitude   dAmplitude   Center   dCenter   Width   dWidth																														
21.796568	0.493532	1463.163719	0.253158	8.711575	0.244903																									

																														
Interferometer Scan																														
Monday, June 01, 2015	9:20:08 PM																													
X position (cm)																														
21.666667																														
Y position (cm)																														
0.000000																														
Interferometer Positions (um)																														
1478.851500	1435.417500	1498.187250	1454.705625	1476.422625	1474.041375	1445.037750	1483.661625	1466.802375	1486.090500	1481.280375	1495.758375	1488.519375	1442.656500	1457.134500	1437.798750	1471.612500	1440.227625	1447.466625	1428.178500	1449.895500	1461.944625	1493.329500	1459.563375	1430.559750	1464.373500	1469.183625	1490.900625	1452.324375	1432.988625	1463.182875
Fringe Signal																														
4.699369	1.489066	1.332471	14.408418	6.323877	7.290632	3.377493	2.261998	17.998125	2.105396	2.576980	1.397872	1.419556	1.937811	15.908058	1.466706	12.317651	1.627527	3.304591	1.393917	5.713982	21.492014	1.272576	21.769801	1.328693	21.545058	14.701063	1.404002	11.396790	1.396412	21.588059
Laser Intensity Signal																														
50608.721101	50748.919644	35644.132557	35563.618959	35303.829012	35588.062577	44828.996403	50574.918943	50455.868867	50603.444142	50618.039009	50783.897518	50558.866555	35527.403766	43048.159150	43172.061512	43255.478354	42927.378924	37156.131963	43050.518446	43040.095601	43161.878528	37106.304942	43127.385620	43015.375421	43229.131571	43122.037883	37194.015703	43043.811492	43118.969487	37284.295475
Gaussian Fit																														
Amplitude   dAmplitude   Center   dCenter   Width   dWidth																														
21.288011	0.525959	1462.520348	0.272515	8.605548	0.264167																									

																														
Interferometer Scan																														
Monday, June 01, 2015	9:20:50 PM																													
X position (cm)																														
23.833333																														
Y position (cm)																														
0.000000																														
Interferometer Positions (um)																														
1451.657625	1444.418625	1470.945750	1427.511750	1449.228750	1439.608500	1490.281500	1437.179625	1492.710375	1456.467750	1485.471375	1473.374625	1466.135625	1487.852625	1434.750750	1480.613625	1441.989750	1432.369500	1468.564500	1497.520500	1478.232375	1446.847500	1458.896625	1495.091625	1475.803500	1483.042500	1461.325500	1429.940625	1463.706750	1454.086500	1462.516125
Fringe Signal																														
9.363523	2.576394	12.304281	1.353106	4.879909	1.557122	1.510247	1.471893	1.321671	17.490831	2.103688	7.272167	15.918639	1.639124	1.405588	3.374395	1.977730	1.350423	14.553277	1.252055	4.042565	4.379122	19.724859	1.336905	4.913476	2.545421	20.019052	1.227181	21.361128	14.832633	20.095985
Laser Intensity Signal																														
50374.418104	44510.921359	50489.019597	50488.503173	35190.550036	35271.340196	35236.908892	42720.163267	43079.174717	42928.452403	43045.064540	42845.755146	37130.790502	37025.534444	42771.034931	42587.747779	42717.910139	42544.478290	36980.563640	36974.734868	36807.667876	42628.124508	42928.006758	42785.776599	42622.146314	36848.222863	36957.797745	37073.089987	42536.615281	37011.393085	42699.566612
Gaussian Fit																														
Amplitude   dAmplitude   Center   dCenter   Width   dWidth																														
20.330421	0.539584	1461.789540	0.293811	8.643599	0.284924																									

																														
Interferometer Scan																														
Monday, June 01, 2015	9:21:32 PM																													
X position (cm)																														
26.000000																														
Y position (cm)																														
0.000000																														
Interferometer Positions (um)																														
1470.231375	1455.753375	1467.802500	1479.899250	1475.089125	1448.514375	1494.377250	1472.660250	1429.226250	1426.797375	1434.036375	1458.182250	1443.704250	1436.465250	1491.948375	1477.470375	1446.085500	1465.421250	1487.138250	1453.324500	1489.567125	1484.709375	1450.943250	1482.328125	1438.846500	1496.806125	1462.992375	1460.563500	1431.607500	1441.275375	1461.801750
Fringe Signal																														
12.931364	16.078994	15.965655	3.185955	5.725492	5.614309	1.391728	8.597831	1.372627	1.386633	1.448006	18.089138	2.283948	1.450743	1.347556	4.162607	3.414744	18.121274	1.874114	11.540562	1.386789	1.953935	9.219724	2.314874	1.596575	1.347733	20.684476	21.760095	1.357437	1.800245	21.048844
Laser Intensity Signal																														
50197.043610	42935.012557	36843.108434	42593.480868	42491.492434	42530.810102	42708.786217	36901.723832	42753.456865	42730.341007	42580.604355	42716.379218	36826.830602	42933.553725	42782.921851	42655.260344	36945.352458	42719.337513	42789.509530	42697.608397	42544.250225	42850.136883	42630.996296	36920.944230	42910.104945	42847.068488	43104.773079	42809.188680	36777.285386	36914.083922	42763.592663
Gaussian Fit																														
Amplitude   dAmplitude   Center   dCenter   Width   dWidth																														
20.566300	0.455258	1461.910969	0.244072	8.578517	0.236083																									

																														
Interferometer Scan																														
Monday, June 01, 2015	9:22:18 PM																													
X position (cm)																														
26.000000																														
Y position (cm)																														
2.666667																														
Interferometer Positions (um)																														
1492.091250	1467.945375	1436.560500	1453.467375	1438.989375	1465.516500	1431.750375	1487.233500	1470.374250	1458.277500	1482.423375	1448.657250	1472.755500	1455.896250	1496.901375	1463.135250	1434.131625	1429.321500	1489.662375	1460.706375	1484.852250	1479.994500	1426.892625	1451.038500	1446.228375	1477.613250	1443.799500	1475.184375	1441.370625	1494.520125	1461.897000
Fringe Signal																														
1.391261	15.676074	1.418252	8.570537	1.588548	20.678666	1.343980	1.783578	11.741159	16.431669	2.646558	4.148312	11.827642	15.082204	1.381143	20.770684	1.356027	1.362006	1.551577	20.599387	2.036494	3.084383	1.389359	6.367110	2.721337	6.105050	2.208383	7.636831	1.842403	1.400164	20.223812
Laser Intensity Signal																														
49930.641080	49940.863386	50055.307592	49992.377303	49811.999949	49995.693425	44021.537833	50017.294090	50138.588119	44329.821798	34729.170043	34691.233874	49942.794076	44202.836623	49767.632077	44096.391741	44192.829276	49983.750144	44038.375342	49833.919119	34770.385633	49750.282076	50007.706173	49753.185321	49588.225966	49828.559585	43893.459517	43908.167107	49521.197056	49727.757353	49909.868790
Gaussian Fit																														
Amplitude   dAmplitude   Center   dCenter   Width   dWidth																														
20.187363	0.568571	1463.287733	0.306823	8.561623	0.299080																									

																														
Interferometer Scan																														
Monday, June 01, 2015	9:23:01 PM																													
X position (cm)																														
23.833333																														
Y position (cm)																														
2.666667																														
Interferometer Positions (um)																														
1495.853625	1449.990750	1466.897625	1474.136625	1462.087500	1483.804500	1435.512750	1452.419625	1486.233375	1437.941625	1454.848500	1498.282500	1481.375625	1447.609500	1488.614625	1442.751750	1493.472375	1471.755375	1428.273750	1459.658625	1457.229750	1476.565500	1491.043500	1469.326500	1464.516375	1478.994375	1440.370500	1433.131500	1430.702625	1445.180625	1463.278125
Fringe Signal																														
1.301201	4.872415	21.339922	11.869723	19.329720	3.285611	1.322990	5.192203	2.366805	1.409329	8.863036	1.338245	3.417088	2.707062	1.836213	1.713904	1.366529	13.990968	1.214379	16.041919	14.113734	8.616771	1.740833	17.507527	19.894262	6.224615	1.438067	1.317062	1.370647	1.989849	21.431690
Laser Intensity Signal																														
49692.872540	43893.863219	49419.489116	44035.022520	49862.551798	49750.265037	49422.098760	49592.104387	43855.642624	49887.151391	43817.689416	49744.306504	49711.530639	49590.697984	49799.158825	49796.748411	49529.555517	34701.199278	28826.865500	34752.183665	36547.779625	42313.998664	42441.365258	42199.913595	42312.888484	42296.639488	36509.500047	42023.346504	42242.607677	42122.181345	42267.025080
Gaussian Fit																														
Amplitude   dAmplitude   Center   dCenter   Width   dWidth																														
20.414897	0.499689	1465.253242	0.268031	8.695793	0.262992																									

																														
Interferometer Scan																														
Monday, June 01, 2015	9:23:44 PM																													
X position (cm)																														
21.666667																														
Y position (cm)																														
2.666667																														
Interferometer Positions (um)																														
1490.614875	1437.513000	1480.947000	1483.375875	1468.850250	1449.562125	1485.757125	1497.853875	1430.274000	1471.279125	1439.894250	1451.991000	1459.230000	1492.996125	1476.136875	1466.469000	1464.040125	1488.186000	1456.801125	1495.425000	1442.323125	1478.518125	1461.611250	1444.752000	1435.084125	1500.235125	1454.372250	1447.133250	1473.708000	1432.655250	1465.230750
Fringe Signal																														
1.559712	1.378963	5.040143	3.413219	17.661245	3.261066	2.945370	1.317899	1.341598	16.929107	1.352117	3.980784	15.269780	1.547016	8.806728	20.829264	21.415546	2.416469	13.094111	1.438382	1.473823	7.081415	18.928162	1.860048	1.267017	1.306014	8.345560	2.138542	13.801985	1.353342	22.596389
Laser Intensity Signal																														
28637.680108	49474.577367	49654.378004	49444.206674	49471.933645	43735.095706	49460.180419	49503.907348	49276.624568	49366.003876	49569.681900	34405.550653	28728.602132	34434.463826	34662.141133	28764.319252	34657.468416	49416.245084	43638.223012	49391.881421	49544.761180	43717.376082	49353.714565	49653.553562	43379.397755	49386.681795	49092.627005	43816.345928	49545.362801	49562.541097	34428.412232
Gaussian Fit																														
Amplitude   dAmplitude   Center   dCenter   Width   dWidth																														
20.936223	0.521314	1465.729920	0.275915	8.638218	0.267108																									

																														
Interferometer Scan																														
Monday, June 01, 2015	9:24:27 PM																													
X position (cm)																														
19.500000																														
Y position (cm)																														
2.666667																														
Interferometer Positions (um)																														
1459.706250	1435.560375	1488.662250	1440.370500	1486.233375	1466.945250	1462.087500	1469.374125	1442.799375	1495.901250	1430.750250	1457.277375	1452.467250	1498.330125	1445.228250	1476.613125	1447.609500	1491.091125	1483.852125	1450.038375	1437.989250	1493.472375	1474.184250	1464.516375	1481.423250	1433.131500	1478.994375	1454.848500	1500.711375	1471.755375	1465.707000
Fringe Signal																														
16.606736	1.264852	1.850772	1.428740	2.620085	20.990649	18.894659	19.395819	1.514668	1.311724	1.305964	10.678195	5.627737	1.137894	1.729837	9.231370	2.444756	1.802145	2.833238	3.930164	1.293941	1.360731	10.972638	20.220127	5.418333	1.223542	7.441519	8.232257	1.225058	15.674163	19.906256
Laser Intensity Signal																														
41675.405394	41867.954094	41549.214515	41700.613161	41460.554793	41644.895764	41810.590433	41913.677251	41636.636918	41546.300785	41632.445235	41725.706895	35903.229133	35722.054861	35835.445248	41526.203515	41747.863306	35993.258557	41514.662625	34057.875620	33977.681838	33962.245489	34174.806262	34037.524070	34087.533281	28297.216655	34313.906422	34343.679427	34361.063506	28592.968827	34163.085804
Gaussian Fit																														
Amplitude   dAmplitude   Center   dCenter   Width   dWidth																														
20.194666	0.471637	1466.033384	0.262868	8.792683	0.254668																									

																														
Interferometer Scan																														
Monday, June 01, 2015	9:25:10 PM																													
X position (cm)																														
17.333333																														
Y position (cm)																														
2.666667																														
Interferometer Positions (um)																														
1467.231000	1440.703875	1464.849750	1479.327750	1450.324125	1443.085125	1501.044750	1452.753000	1457.563125	1469.659875	1496.187000	1459.992000	1486.566750	1484.137875	1481.709000	1433.464875	1445.514000	1438.275000	1462.420875	1488.948000	1476.898875	1455.181875	1472.088750	1447.942875	1435.846125	1493.805750	1474.470000	1431.036000	1498.615875	1491.376875	1466.040375
Fringe Signal																														
20.581600	1.268556	21.336414	7.286433	4.056052	1.672686	1.201516	5.893997	10.648085	17.277929	1.265891	15.479738	2.705511	2.879067	3.849425	1.308155	1.815893	1.353024	17.713530	1.960078	8.422910	8.665577	15.016504	2.652913	1.310523	1.459764	10.978431	1.303215	1.258984	1.545956	19.686803
Laser Intensity Signal																														
49046.088581	48596.134134	48701.775544	48944.923279	28068.185375	33836.130632	33831.536558	28125.504471	34012.018770	35531.675402	41372.154593	35505.717903	41532.033597	41465.778012	35632.835461	41415.078052	41279.605965	41407.810109	41365.173699	41461.308457	35702.118810	35454.565745	41222.142689	33747.581010	48883.678577	34031.745106	28063.507415	41440.665928	41379.106652	41441.132544	41528.528732
Gaussian Fit																														
Amplitude   dAmplitude   Center   dCenter   Width   dWidth																														
19.642653	0.477874	1466.083250	0.273023	8.751391	0.264187																									

																														
Interferometer Scan																														
Monday, June 01, 2015	9:25:54 PM																													
X position (cm)																														
15.166667																														
Y position (cm)																														
2.666667																														
Interferometer Positions (um)																														
1452.800625	1433.512500	1435.893750	1431.083625	1469.707500	1457.658375	1462.468500	1484.185500	1481.756625	1467.278625	1496.234625	1464.897375	1491.424500	1450.371750	1438.322625	1447.990500	1443.132750	1486.614375	1498.663500	1476.946500	1472.136375	1460.039625	1474.517625	1501.092375	1440.751500	1488.995625	1455.229500	1493.853375	1479.375375	1445.561625	1466.088000
Fringe Signal																														
6.055019	1.251631	1.262827	1.305547	18.272918	12.483784	18.405528	2.871283	3.745220	19.622246	1.261313	20.204679	1.651823	3.857478	1.392516	2.181770	1.539946	2.544672	1.255100	6.818513	14.298097	16.958574	11.257590	1.218705	1.298296	1.586715	8.857030	1.427051	5.017674	1.983007	19.771289
Laser Intensity Signal																														
48929.441055	43065.929892	48996.034806	48910.579794	49123.444654	43106.580562	49047.901307	43071.788810	48813.443645	43046.423757	48872.070840	43215.802860	42851.122545	48808.464220	48942.679327	48994.302034	43102.728356	48907.852186	48818.008883	43119.797862	43101.028352	49089.030390	28389.222646	48780.371558	43234.477998	35802.159514	35759.065661	41439.660605	41447.877509	41470.642094	41578.819748
Gaussian Fit																														
Amplitude   dAmplitude   Center   dCenter   Width   dWidth																														
19.890450	0.435099	1465.568835	0.239043	8.508151	0.231470																									

																														
Interferometer Scan																														
Monday, June 01, 2015	9:26:37 PM																													
X position (cm)																														
13.000000																														
Y position (cm)																														
2.666667																														
Interferometer Positions (um)																														
1452.276750	1466.754750	1498.139625	1442.656500	1488.519375	1486.090500	1449.895500	1464.373500	1430.559750	1483.661625	1471.612500	1469.183625	1454.705625	1445.037750	1490.900625	1461.944625	1478.851500	1457.134500	1435.417500	1481.280375	1500.568500	1473.993750	1447.466625	1459.515750	1493.329500	1432.988625	1476.422625	1437.798750	1495.758375	1440.227625	1465.564125
Fringe Signal																														
6.006743	19.324330	1.274735	1.522132	1.813857	1.886398	4.654504	18.583817	1.356473	3.303651	13.621818	15.988312	8.692281	1.926210	1.651879	18.407399	6.552792	13.970795	1.296417	4.572458	1.180347	9.685913	2.523383	13.680122	1.329080	1.322197	8.163416	1.325463	1.244272	1.404987	20.552857
Laser Intensity Signal																														
28070.016451	33813.307064	48978.423972	48971.323802	34141.730243	34024.171766	48829.073981	48890.018529	49209.392497	48830.526259	43127.776215	28056.256512	41417.578906	41185.998275	41468.167455	41344.816906	41623.626711	27993.398313	33657.864847	33820.942008	27914.378936	48984.491295	42925.393183	43053.977436	42872.977490	48906.149560	48922.325156	48762.645381	48893.798646	48812.935086	48818.568561
Gaussian Fit																														
Amplitude   dAmplitude   Center   dCenter   Width   dWidth																														
18.720281	0.490819	1465.092819	0.302962	9.045147	0.293761																									

																														
Interferometer Scan																														
Monday, June 01, 2015	9:27:20 PM																													
X position (cm)																														
10.833333																														
Y position (cm)																														
2.666667																														
Interferometer Positions (um)																														
1485.614250	1454.229375	1437.322500	1480.804125	1451.800500	1495.282125	1449.419250	1456.658250	1461.468375	1442.180250	1483.185375	1475.946375	1463.897250	1444.561500	1500.092250	1478.375250	1432.512375	1492.853250	1488.043125	1434.941250	1490.424375	1439.751375	1468.707375	1446.990375	1459.039500	1430.083500	1473.517500	1497.663375	1471.136250	1466.278500	1465.087875
Fringe Signal																														
2.270692	9.830761	1.265891	3.814434	7.350378	1.256707	4.588106	12.557924	18.039781	1.724671	2.891705	6.449707	18.708916	1.961247	1.218671	5.060365	1.282670	1.300991	1.541926	1.246670	1.502360	1.323397	16.487798	2.788795	15.943474	1.304878	10.378776	1.192634	11.690051	17.938869	19.008976
Laser Intensity Signal																														
33754.864681	27909.143921	33591.897620	27848.209859	33461.176893	33737.088696	48724.369736	42975.110103	48992.924467	48873.325199	48709.299077	35276.877988	41081.256018	41410.491843	41360.114319	41366.590587	41304.172790	41372.512420	35448.084234	41152.907837	35447.785390	35371.826545	35384.031969	35430.706708	41342.607032	41452.539740	41149.319086	41181.511680	35385.460654	41290.546545	41311.468257
Gaussian Fit																														
Amplitude   dAmplitude   Center   dCenter   Width   dWidth																														
18.398196	0.407866	1463.955479	0.253158	8.975906	0.246330																									

																														
Interferometer Scan																														
Monday, June 01, 2015	9:28:04 PM																													
X position (cm)																														
8.666667																														
Y position (cm)																														
2.666667																														
Interferometer Positions (um)																														
1453.086375	1460.325375	1465.183125	1489.281375	1474.803375	1477.232250	1457.944125	1455.515250	1484.471250	1462.754250	1441.037250	1433.798250	1428.940500	1472.422125	1431.369375	1479.661125	1496.520375	1467.564375	1482.042375	1438.608375	1445.847375	1498.949250	1436.179500	1450.657500	1491.710250	1494.139125	1448.276250	1443.418500	1486.900125	1469.993250	1463.944875
Fringe Signal																														
9.911310	17.077964	18.217944	1.487245	5.925406	4.801203	16.518917	14.221587	2.128200	19.231933	1.669508	1.185917	1.247365	9.830408	1.247427	3.855705	1.193968	13.996805	2.794840	1.369097	2.639967	1.220092	1.329765	5.374118	1.297295	1.329453	4.727672	2.141621	1.779011	11.664732	18.645628
Laser Intensity Signal																														
33487.485665	27639.903683	33459.424461	48637.518807	48600.927437	42753.249772	48750.291845	48986.955448	33510.241075	33591.111188	33498.217841	27562.162258	33509.258035	33680.828662	33426.767872	27587.746202	33660.766781	33575.510999	48704.673546	48579.195699	42735.405629	48616.249754	48685.799178	48656.057631	48938.118021	48896.064881	42674.164859	48654.643364	48439.757373	42809.452134	33352.780349
Gaussian Fit																														
Amplitude   dAmplitude   Center   dCenter   Width   dWidth																														
18.306286	0.483640	1462.531585	0.294373	8.770053	0.286909																									

																														
Interferometer Scan																														
Monday, June 01, 2015	9:28:47 PM																													
X position (cm)																														
6.500000																														
Y position (cm)																														
2.666667																														
Interferometer Positions (um)																														
1475.803500	1466.135625	1461.325500	1449.276375	1454.086500	1444.418625	1456.515375	1495.139250	1487.852625	1463.754375	1473.374625	1470.993375	1458.896625	1427.511750	1442.037375	1437.179625	1497.520500	1485.471375	1432.369500	1480.613625	1446.847500	1451.657625	1490.281500	1483.042500	1478.232375	1429.940625	1439.608500	1492.710375	1468.564500	1434.750750	1462.516125
Fringe Signal																														
4.520504	13.859206	18.581756	7.130642	12.376857	2.967090	16.132308	1.215858	1.270172	16.789940	6.814998	8.018227	18.667824	1.254772	1.833124	1.351380	1.165387	1.379411	1.282686	2.542112	5.337020	9.004424	1.228912	1.617178	2.773055	1.138217	1.367818	1.256055	10.174748	1.363409	18.750684
Laser Intensity Signal																														
48569.286656	42658.442772	40951.555031	34939.421327	40863.829852	34807.895818	40669.136814	40913.917706	40905.719153	40976.323707	35239.833108	41088.059965	41217.299579	41079.681843	35206.202655	40919.704535	40852.652032	35132.548055	41023.809782	41308.225536	40727.994696	35099.411743	40952.844780	41011.528335	40779.576771	34942.557880	40966.248202	40818.087035	40849.730437	41038.210662	35115.027661
Gaussian Fit																														
Amplitude   dAmplitude   Center   dCenter   Width   dWidth																														
17.928373	0.456003	1460.760611	0.277349	8.621721	0.271458																									

																														
Interferometer Scan																														
Monday, June 01, 2015	9:29:31 PM																													
X position (cm)																														
4.333333																														
Y position (cm)																														
2.666667																														
Interferometer Positions (um)																														
1493.329500	1483.709250	1435.417500	1495.758375	1445.085375	1464.373500	1481.280375	1490.948250	1461.944625	1437.846375	1452.324375	1428.178500	1457.134500	1425.749625	1442.656500	1486.090500	1471.612500	1459.563375	1447.466625	1478.851500	1488.519375	1430.607375	1449.895500	1432.988625	1454.705625	1474.041375	1466.802375	1440.227625	1469.231250	1476.470250	1460.754000
Fringe Signal																														
1.143143	1.264383	1.322750	1.139746	5.287079	15.437059	1.816421	1.171637	17.007402	1.629057	13.296650	1.272712	18.590794	1.261966	2.588263	1.266252	5.428414	18.174443	8.006790	2.106898	1.336247	1.288983	10.211281	1.333857	16.226037	4.488376	9.932032	2.237286	9.274010	3.310891	17.231012
Laser Intensity Signal																														
42583.314924	27310.413578	33309.801841	33096.289485	33379.420733	48611.271639	35004.700426	40708.040294	48471.396844	42266.225541	42542.004961	48656.575365	48855.655383	48653.385073	48604.120351	27374.047724	33441.239532	27447.997235	33368.868127	27350.850601	48832.813466	48647.914127	42853.962875	48821.937111	48566.636380	48807.416955	48916.976108	48707.553198	48738.069381	27377.766236	33270.197125
Gaussian Fit																														
Amplitude   dAmplitude   Center   dCenter   Width   dWidth																														
17.927523	0.414573	1458.810317	0.258295	8.868937	0.253245																									

																														
Interferometer Scan																														
Monday, June 01, 2015	9:30:15 PM																													
X position (cm)																														
2.166667																														
Y position (cm)																														
2.666667																														
Interferometer Positions (um)																														
1423.797000	1484.137875	1472.088750	1431.036000	1440.703875	1445.514000	1481.756625	1452.753000	1493.805750	1491.376875	1433.464875	1476.898875	1435.893750	1479.327750	1467.278625	1474.517625	1460.039625	1447.942875	1486.566750	1469.659875	1428.654750	1426.225875	1488.995625	1450.371750	1455.181875	1462.420875	1457.610750	1464.849750	1438.275000	1443.132750	1458.801375
Fringe Signal																														
1.200759	1.321665	3.377495	1.215431	2.956248	6.717930	1.514291	16.640958	1.191434	1.102968	1.284688	2.033485	1.661247	1.768160	6.603982	2.969971	14.975044	12.273396	1.254360	4.964501	1.278524	1.218387	1.100892	14.887754	17.891913	13.496061	17.832866	10.703523	2.616620	4.369287	17.241913
Laser Intensity Signal																														
27356.210135	41198.720123	41043.897876	34950.359286	34979.196436	41136.042803	41024.189891	41061.441864	40960.946340	35057.500160	35036.174746	41193.336996	41129.759212	40965.216666	40982.495887	35145.807299	34997.047132	35064.824463	40973.337887	40950.345236	41117.058335	35019.579720	35003.780301	40862.234706	40917.089649	41110.850765	41286.172672	41067.367629	41083.684782	41248.638894	41136.177807
Gaussian Fit																														
Amplitude   dAmplitude   Center   dCenter   Width   dWidth																														
17.764308	0.450737	1456.129384	0.269684	8.567079	0.267666																									

																														
Interferometer Scan																														
Monday, June 01, 2015	9:30:58 PM																													
X position (cm)																														
0.000000																														
Y position (cm)																														
2.666667																														
Interferometer Positions (um)																														
1435.608000	1454.943750	1425.940125	1450.086000	1440.418125	1464.564000	1462.182750	1459.753875	1428.369000	1491.138750	1457.325000	1423.558875	1438.036875	1442.847000	1447.704750	1488.709875	1476.660750	1421.130000	1471.803000	1486.281000	1469.421750	1479.042000	1481.470875	1433.179125	1430.797875	1466.992875	1445.275875	1474.231875	1483.899750	1452.514875	1456.134375
Fringe Signal																														
2.426683	16.440980	1.269750	14.175441	5.195485	7.587990	8.423347	10.809527	1.182270	1.106505	13.969431	1.092364	2.908990	6.084194	11.379062	1.043797	1.498261	1.200522	2.483263	1.116090	2.812987	1.292864	1.283064	1.632193	1.437175	5.349634	10.725897	1.915951	1.140348	15.748710	15.374394
Laser Intensity Signal																														
47597.822935	33700.894474	39764.302234	39837.563617	39845.557699	39580.683469	39593.212641	33591.445422	39555.563520	33614.092042	39778.707046	33723.257979	39564.987597	39873.022525	25976.499077	25976.558060	31829.786624	31949.252198	31778.220278	31851.773952	31930.401423	31946.866688	47338.015949	47313.083433	47443.969311	47299.470295	47305.272852	41256.613315	31986.006098	25867.179786	32012.786729
Gaussian Fit																														
Amplitude   dAmplitude   Center   dCenter   Width   dWidth																														
15.361497	0.414105	1453.622048	0.299839	8.926485	0.296269																									

																														
Interferometer Scan																														
Monday, June 01, 2015	9:31:42 PM																													
X position (cm)																														
0.000000																														
Y position (cm)																														
5.333333																														
Interferometer Positions (um)																														
1474.136625	1459.658625	1476.565500	1442.751750	1457.229750	1435.512750	1452.419625	1469.326500	1430.702625	1462.087500	1445.180625	1428.273750	1481.375625	1449.990750	1425.844875	1454.848500	1466.897625	1437.941625	1478.946750	1418.605875	1488.614625	1447.609500	1483.804500	1471.707750	1433.083875	1440.322875	1464.468750	1421.034750	1423.463625	1486.185750	1453.610250
Fringe Signal																														
7.319964	20.836309	4.929764	2.256198	17.358539	1.397053	9.386059	13.133353	1.291143	20.051509	3.190025	1.346467	2.411777	8.684974	1.304689	13.903203	15.881571	1.620512	3.343012	1.258618	1.296546	5.117633	2.039228	8.896396	1.242511	1.547173	18.408928	1.239722	1.266049	1.690306	13.126430
Laser Intensity Signal																														
35244.849234	35158.706094	35190.346875	35419.299512	29242.606223	35406.637957	35283.937526	35214.283244	35098.469335	35198.469407	35341.952614	35494.880870	29194.732175	35206.302269	35468.890604	35330.203320	29202.713149	35214.821949	35406.091387	35346.120704	29209.646858	35340.246057	35273.595945	35247.284552	29075.817103	29049.358909	35185.518182	29064.546222	35264.036864	35325.858284	50803.857162
Gaussian Fit																														
Amplitude   dAmplitude   Center   dCenter   Width   dWidth																														
19.619095	0.495330	1461.661003	0.245628	8.780773	0.256503																									

																														
Interferometer Scan																														
Monday, June 01, 2015	9:32:26 PM																													
X position (cm)																														
2.166667																														
Y position (cm)																														
5.333333																														
Interferometer Positions (um)																														
1448.371500	1496.663250	1479.756375	1431.512250	1445.990250	1441.132500	1450.800375	1458.039375	1467.707250	1462.849500	1436.322375	1491.853125	1489.424250	1470.088500	1477.327500	1433.893500	1484.614125	1429.083375	1460.468250	1482.185250	1443.561375	1465.278375	1486.995375	1474.946250	1438.751250	1426.654500	1453.229250	1472.517375	1494.234375	1455.610500	1461.658875
Fringe Signal																														
3.888370	1.227962	3.383792	1.295726	2.096188	1.665312	4.978030	14.624051	18.333371	18.997030	1.244639	1.298079	1.429027	13.328437	6.228055	1.221254	2.161291	1.231554	16.958781	3.171636	1.950881	18.617739	1.885445	7.828914	1.490921	1.333166	7.531697	11.148704	1.305724	13.272778	19.207567
Laser Intensity Signal																														
44388.679680	44380.884828	50602.780918	50417.899930	44363.828429	50433.113457	44400.716022	50491.697398	44325.610455	50516.300923	28912.863150	28834.691809	28909.712179	34999.326474	34873.570755	28766.453105	29111.661363	28938.589962	34838.923182	35015.208468	34998.824468	34873.262735	34890.279813	35080.973844	34968.867963	35001.263718	28981.400699	35178.774528	50468.818780	44302.592901	44243.786138
Gaussian Fit																														
Amplitude   dAmplitude   Center   dCenter   Width   dWidth																														
18.853786	0.468407	1463.944060	0.271573	8.731839	0.267714																									

																														
Interferometer Scan																														
Monday, June 01, 2015	9:33:09 PM																													
X position (cm)																														
4.333333																														
Y position (cm)																														
5.333333																														
Interferometer Positions (um)																														
1460.325375	1448.276250	1438.608375	1455.515250	1496.520375	1469.993250	1489.281375	1465.135500	1467.564375	1457.896500	1482.042375	1477.232250	1472.374500	1440.989625	1494.139125	1479.613500	1450.657500	1486.852500	1428.940500	1443.418500	1433.750625	1491.710250	1462.754250	1445.847375	1498.949250	1431.369375	1474.803375	1436.179500	1453.086375	1484.471250	1463.944875
Fringe Signal																														
17.269637	2.828906	1.215430	8.236471	1.213977	15.630449	1.838712	19.774749	18.781356	13.528137	4.603047	7.108124	12.257342	1.411263	1.307746	4.641263	4.004492	2.381262	1.308878	1.513717	1.339098	1.502209	18.499682	2.215146	1.213948	1.318729	11.511896	1.309707	5.534450	2.820126	19.159102
Laser Intensity Signal																														
49689.603604	49710.454538	43714.173993	43842.869658	49927.365591	49816.718541	49848.791859	43791.604777	28568.774246	28420.476764	34478.038712	34396.175073	34497.829274	34392.844534	34496.964198	34214.937887	28513.579827	43686.697370	49793.115095	49900.282184	49694.119035	44068.688364	43882.203054	50114.352906	44165.806162	49870.455439	50012.135096	42221.650575	36152.378655	42427.652506	42085.053891
Gaussian Fit																														
Amplitude   dAmplitude   Center   dCenter   Width   dWidth																														
19.108194	0.503982	1465.482936	0.290962	8.697121	0.284072																									

																														
Interferometer Scan																														
Monday, June 01, 2015	9:33:53 PM																													
X position (cm)																														
6.500000																														
Y position (cm)																														
5.333333																														
Interferometer Positions (um)																														
1469.088375	1452.229125	1473.946125	1498.092000	1500.473250	1478.756250	1481.185125	1464.278250	1442.561250	1435.322250	1461.849375	1466.707125	1485.995250	1454.610375	1449.800250	1459.468125	1444.942500	1447.371375	1440.132375	1490.805375	1476.327375	1432.893375	1495.663125	1471.517250	1437.703500	1483.566375	1488.424125	1430.464500	1493.234250	1457.039250	1465.468875
Fringe Signal																														
19.250805	4.208470	14.817124	1.248686	1.259143	7.281227	5.482187	18.166260	1.388713	1.225050	14.661402	20.126562	2.883436	5.873093	2.679395	11.314218	1.628191	1.838013	1.209018	1.749605	10.344656	1.289068	1.306202	16.542862	1.364562	4.443337	2.077394	1.218064	1.549106	8.906216	19.286147
Laser Intensity Signal																														
49895.483638	43975.905116	50106.096681	34808.817254	42468.872028	36493.915587	36207.168061	36398.556774	42415.722332	36285.030072	36405.092024	36535.336960	42380.536054	42443.143905	50201.986335	50121.365258	49881.667338	44016.061645	44093.104456	44179.591004	34693.237965	34871.932355	28828.645458	28818.779668	50008.482120	50291.804733	43884.260884	43942.472581	43922.307154	50128.264888	50104.430756
Gaussian Fit																														
Amplitude   dAmplitude   Center   dCenter   Width   dWidth																														
19.122961	0.442315	1467.560147	0.252393	8.682338	0.248132																									

																														
Interferometer Scan																														
Monday, June 01, 2015	9:34:36 PM																													
X position (cm)																														
8.666667																														
Y position (cm)																														
5.333333																														
Interferometer Positions (um)																														
1459.134750	1451.848125	1471.183875	1439.799000	1502.568750	1478.422875	1456.705875	1473.612750	1480.851750	1444.609125	1447.038000	1461.516000	1454.277000	1434.988875	1437.370125	1468.755000	1485.661875	1466.373750	1475.994000	1490.472000	1488.090750	1463.944875	1500.139875	1492.900875	1497.711000	1495.329750	1432.560000	1483.233000	1449.466875	1442.227875	1467.564375
Fringe Signal																														
10.811074	3.547338	19.340921	1.398938	1.270260	8.621011	7.951480	16.457575	7.836209	1.530290	1.591531	12.870453	4.492379	1.375155	1.309673	20.351352	3.837446	20.519571	14.011930	2.371977	2.377767	18.561822	1.250516	1.788214	1.452198	1.366499	1.385311	5.743445	2.288180	1.397666	20.061252
Laser Intensity Signal																														
50046.209884	50182.345196	50206.049567	50214.303171	49925.177999	44213.511127	50010.229309	44174.840955	50107.989361	34924.882821	34836.397425	50150.692618	28915.778191	34977.088799	50020.454236	50099.925811	50117.088379	50022.160794	50205.613097	50191.357706	50375.745864	44269.119734	44204.118508	50067.771228	49852.983542	44307.814810	50128.258335	50261.841674	44183.221699	50493.968876	44240.122675
Gaussian Fit																														
Amplitude   dAmplitude   Center   dCenter   Width   dWidth																														
20.014032	0.477951	1468.594311	0.269109	8.837896	0.261591																									

																														
Interferometer Scan																														
Monday, June 01, 2015	9:35:20 PM																													
X position (cm)																														
10.833333																														
Y position (cm)																														
5.333333																														
Interferometer Positions (um)																														
1450.514625	1462.563750	1457.753625	1455.324750	1433.607750	1498.758750	1496.329875	1435.989000	1486.709625	1489.090875	1503.616500	1460.134875	1467.373875	1501.187625	1493.948625	1484.280750	1452.895875	1443.228000	1479.470625	1481.851875	1491.519750	1445.656875	1438.417875	1464.992625	1474.612875	1448.085750	1469.802750	1477.041750	1440.846750	1472.231625	1468.612125
Fringe Signal																														
2.137127	14.293438	8.070440	5.096459	1.320423	1.350594	1.485265	1.321651	3.632008	2.644910	1.239274	11.142207	19.636931	1.226397	1.747119	3.968863	3.064806	1.314493	9.974729	6.912589	2.237524	1.465428	1.352489	15.776019	16.638753	1.836237	18.826855	13.725270	1.310911	18.426827	20.406836
Laser Intensity Signal																														
49753.025413	42201.111593	42365.603021	42261.793997	42103.018619	36368.654008	42397.752361	42180.528046	42172.543140	36373.263811	36263.315374	42331.937178	42342.167347	36469.541437	42548.569047	36320.844186	42335.148442	42152.591360	42153.651732	42195.284132	42410.282844	42220.098683	42219.717263	36235.727340	42327.782195	42044.366520	36237.365740	42249.863823	42149.387960	36479.517327	42277.973524
Gaussian Fit																														
Amplitude   dAmplitude   Center   dCenter   Width   dWidth																														
19.339788	0.415767	1469.539900	0.245707	8.968082	0.238711																									

																														
Interferometer Scan																														
Monday, June 01, 2015	9:36:04 PM																													
X position (cm)																														
13.000000																														
Y position (cm)																														
5.333333																														
Interferometer Positions (um)																														
1497.282375	1475.565375	1449.038250	1458.658500	1499.711250	1446.609375	1444.180500	1482.804375	1436.941500	1485.233250	1468.326375	1451.419500	1477.994250	1465.897500	1504.521375	1502.140125	1456.277250	1487.662125	1434.560250	1490.043375	1461.087375	1453.848375	1439.370375	1470.755250	1480.423125	1441.799250	1494.901125	1473.184125	1463.516250	1492.472250	1469.517000
Fringe Signal																														
1.373214	14.265749	1.932625	6.801364	1.432709	1.617853	1.327492	7.296808	1.247541	5.015511	20.867311	2.467483	11.754042	18.804560	1.284644	1.275781	6.141596	3.632739	1.222280	2.089581	12.179429	4.046595	1.399554	19.344537	8.296680	1.318726	1.871307	17.405685	15.345848	1.876218	20.083344
Laser Intensity Signal																														
34683.914813	34631.910687	34546.829230	49939.226296	49566.846812	42198.722150	36003.192504	42062.641889	36246.449029	42162.707497	41997.757317	42068.730184	41991.785677	34643.472548	34396.114780	34386.760172	34741.983642	34542.461911	28773.532303	34543.357133	34771.253330	42179.731128	42257.535468	42290.855281	42119.746028	36401.121853	41904.086712	41950.786355	36065.228882	41997.024625	42062.862090
Gaussian Fit																														
Amplitude   dAmplitude   Center   dCenter   Width   dWidth																														
19.518474	0.487026	1469.623186	0.283716	8.887180	0.274847																									

																														
Interferometer Scan																														
Monday, June 01, 2015	9:36:47 PM																													
X position (cm)																														
15.166667																														
Y position (cm)																														
5.333333																														
Interferometer Positions (um)																														
1449.085875	1499.806500	1458.753750	1494.948750	1485.328500	1451.514750	1504.616625	1490.138625	1437.036750	1470.850500	1468.421625	1465.992750	1478.089500	1456.324875	1439.465625	1473.231750	1461.182625	1487.709750	1502.187750	1434.607875	1463.611500	1453.943625	1475.660625	1444.275750	1441.846875	1492.567500	1482.899625	1446.704625	1497.377625	1480.470750	1469.612250
Fringe Signal																														
1.949568	1.271516	8.976534	1.674541	4.394050	2.328979	1.184930	2.240302	1.306836	18.987123	20.060080	19.367893	12.389532	6.702411	1.286328	18.533816	11.813213	3.120232	1.345062	1.357939	13.574725	3.498259	16.016807	1.432022	1.298419	1.784376	6.116479	1.598036	1.465499	7.806147	19.092207
Laser Intensity Signal																														
43574.317548	49357.680804	42020.587438	41696.396575	41711.999386	42106.889175	36049.496310	42162.655068	41832.128184	36133.526569	34434.157117	34351.912059	34261.389804	28429.381796	34423.411835	49850.633421	49643.113677	49328.213197	49377.598505	49387.257201	43441.692344	49670.790840	49469.120840	43332.567040	49502.063165	43651.750953	43756.338545	49791.725732	49470.747443	49430.957916	49397.383823
Gaussian Fit																														
Amplitude   dAmplitude   Center   dCenter   Width   dWidth																														
19.474415	0.448069	1469.744335	0.262286	8.900643	0.253958																									

																														
Interferometer Scan																														
Monday, June 01, 2015	9:37:31 PM																													
X position (cm)																														
17.333333																														
Y position (cm)																														
5.333333																														
Interferometer Positions (um)																														
1454.038875	1444.418625	1437.179625	1458.896625	1451.657625	1497.520500	1441.989750	1439.560875	1504.759500	1483.042500	1495.091625	1461.277875	1475.755875	1478.184750	1449.228750	1466.135625	1456.467750	1434.750750	1499.901750	1446.799875	1470.945750	1480.613625	1502.330625	1468.516875	1487.852625	1463.706750	1485.423750	1473.374625	1490.281500	1492.662750	1469.755125
Fringe Signal																														
4.598170	1.566997	1.360907	9.017362	2.671538	1.289618	1.299817	1.345649	1.216854	5.247941	1.497071	13.243541	15.810495	10.988725	1.866374	19.862502	6.742400	1.346326	1.365243	1.740181	20.810814	9.035345	1.280487	21.830835	2.948946	17.039987	4.824942	16.079579	2.139005	1.888462	20.480903
Laser Intensity Signal																														
49641.084682	49875.348357	49773.210501	28754.823086	34477.425295	28759.308370	34497.342996	34812.095365	28640.224215	34475.769856	34608.184033	34614.285435	34737.192960	34546.749276	34597.205443	34619.289764	49636.161618	49852.507750	43844.066345	49673.155379	34629.704745	34501.477007	34774.180168	28740.361912	34657.932411	34699.027415	34604.482560	34408.933622	43921.060659	49616.213770	49872.319283
Gaussian Fit																														
Amplitude   dAmplitude   Center   dCenter   Width   dWidth																														
20.464338	0.476749	1469.192769	0.261975	8.781819	0.253865																									

																														
Interferometer Scan																														
Monday, June 01, 2015	9:38:14 PM																													
X position (cm)																														
19.500000																														
Y position (cm)																														
5.333333																														
Interferometer Positions (um)																														
1453.515000	1487.281125	1463.135250	1436.608125	1467.993000	1484.899875	1480.042125	1470.421875	1460.754000	1455.896250	1494.520125	1477.660875	1496.949000	1441.418250	1446.276000	1499.377875	1434.179250	1489.710000	1439.037000	1504.188000	1458.325125	1465.564125	1475.232000	1448.657250	1492.138875	1472.803125	1443.847125	1451.086125	1501.759125	1482.471000	1469.183625
Fringe Signal																														
4.877236	3.169636	18.493191	1.287751	21.267410	4.069756	7.107393	19.719934	13.698171	6.835848	1.546429	9.244663	1.474153	1.411797	1.488172	1.215807	1.327087	2.251634	1.342126	1.284132	10.403375	18.621141	14.145442	1.998863	1.740970	16.179776	1.451797	2.281630	1.341942	5.606381	19.959852
Laser Intensity Signal																														
49561.993216	43969.510113	34488.717148	34732.847923	34938.110607	34980.201759	34826.070262	28880.726917	34751.671173	34809.467372	42372.476436	42184.987116	34801.280614	34788.756685	34752.002785	28682.556539	34733.541294	34743.382180	34839.060808	34610.623283	34566.175457	49775.187067	43939.160392	49968.022815	49675.282678	49806.004716	28751.518761	49995.591188	49850.392248	49635.755295	49679.482225
Gaussian Fit																														
Amplitude   dAmplitude   Center   dCenter   Width   dWidth																														
20.043290	0.481557	1467.995424	0.266328	8.706659	0.259194																									

																														
Interferometer Scan																														
Monday, June 01, 2015	9:38:58 PM																													
X position (cm)																														
21.666667																														
Y position (cm)																														
5.333333																														
Interferometer Positions (um)																														
1481.280375	1459.563375	1454.705625	1447.466625	1435.417500	1476.422625	1461.944625	1466.802375	1437.846375	1474.041375	1483.661625	1500.568500	1488.519375	1442.656500	1478.851500	1469.183625	1490.948250	1498.187250	1449.895500	1471.612500	1495.758375	1440.227625	1457.134500	1445.085375	1502.997375	1486.090500	1464.373500	1432.988625	1493.329500	1452.324375	1467.993000
Fringe Signal																														
6.958232	13.537494	7.336785	1.907462	1.394867	11.696066	17.162795	20.405874	1.370275	14.407233	4.723066	1.314158	2.252265	1.442169	8.944513	18.879635	2.045312	1.313057	3.235181	18.109249	1.397614	1.488880	8.465099	1.880877	1.355590	2.566461	19.534218	1.290093	1.567678	4.739798	20.026562
Laser Intensity Signal																														
44092.738765	44351.258624	42562.669773	42474.637885	42493.451960	42543.799337	50212.023828	50041.846497	50102.853960	50059.601510	49984.021463	44152.048845	49829.133681	50180.803789	29048.331305	35231.928156	34809.227510	34940.437135	34657.890468	50122.655007	50111.617434	49997.723730	50391.770726	50184.324383	50209.757594	50107.638088	50163.816858	44208.993075	50307.593667	44226.927657	50291.955466
Gaussian Fit																														
Amplitude   dAmplitude   Center   dCenter   Width   dWidth																														
19.774356	0.420861	1467.536441	0.249811	9.203938	0.242325																									

																														
Interferometer Scan																														
Monday, June 01, 2015	9:39:42 PM																													
X position (cm)																														
23.833333																														
Y position (cm)																														
5.333333																														
Interferometer Positions (um)																														
1456.658250	1451.848125	1480.804125	1459.087125	1444.609125	1437.370125	1454.277000	1471.136250	1485.661875	1461.516000	1492.900875	1478.375250	1490.472000	1439.799000	1449.419250	1473.565125	1442.180250	1434.941250	1502.521125	1447.038000	1500.139875	1488.043125	1463.897250	1495.282125	1497.711000	1432.560000	1475.994000	1466.326125	1468.755000	1483.233000	1467.516750
Fringe Signal																														
11.002504	4.636522	5.239708	14.623238	1.681887	1.364826	6.605332	16.835783	2.636935	18.424009	1.627892	6.150899	1.796842	1.349474	2.455168	13.474508	1.435336	1.424717	1.302552	1.977547	1.250470	2.103068	21.775989	1.370392	1.418720	1.308219	10.294935	20.708577	20.750066	4.243323	19.486684
Laser Intensity Signal																														
50051.889234	50325.298872	42671.956296	42648.971510	42734.526136	42441.970811	42511.069348	43041.385349	36604.889006	36525.026836	42739.573719	36567.183524	36700.861235	36607.227331	42683.430339	42753.489633	42792.264663	42482.676531	35256.842322	35144.001126	29061.151457	36627.530383	42700.529992	36733.983130	42816.577208	36665.800786	42620.713697	36725.954970	42423.050568	42360.354898	36726.939320
Gaussian Fit																														
Amplitude   dAmplitude   Center   dCenter   Width   dWidth																														
20.804543	0.503343	1466.114573	0.261030	8.474412	0.254477																									

																														
Interferometer Scan																														
Monday, June 01, 2015	9:40:26 PM																													
X position (cm)																														
26.000000																														
Y position (cm)																														
5.333333																														
Interferometer Positions (um)																														
1452.848250	1496.282250	1438.370250	1476.994125	1467.326250	1440.751500	1460.087250	1431.131250	1501.092375	1455.229500	1462.516125	1486.614375	1498.711125	1479.375375	1450.419375	1445.609250	1481.804250	1472.136375	1491.472125	1447.990500	1443.180375	1484.233125	1433.512500	1493.853375	1435.941375	1469.755125	1457.658375	1474.565250	1464.897375	1489.043250	1466.135625
Fringe Signal																														
1.647391	0.482790	0.464566	1.666849	3.726832	0.529043	3.588210	0.496140	0.500345	2.334044	4.459429	0.647273	0.419824	1.065371	1.308360	0.742597	0.793325	2.688395	0.495435	0.779273	0.543164	0.702077	0.499191	0.535038	0.524346	3.296397	2.977823	2.053653	4.413389	0.599055	3.779692
Laser Intensity Signal																														
21438.650122	13890.777252	9894.516490	9942.330245	9815.145841	13926.274171	14001.240801	13775.651471	14018.801828	13908.139049	13920.111165	13972.095631	9802.243113	13859.437937	9795.045949	13873.377444	9775.442821	9847.655629	10061.888881	14018.887025	13752.746639	9906.285445	13847.495967	13940.085228	13931.712348	13832.256225	13967.034941	9849.972982	14003.528008	13977.048842	13850.531594
Gaussian Fit																														
Amplitude   dAmplitude   Center   dCenter   Width   dWidth																														
3.972050	0.144744	1464.398701	0.445304	9.723581	0.435628																									

																														
Interferometer Scan																														
Monday, June 01, 2015	9:41:10 PM																													
X position (cm)																														
26.000000																														
Y position (cm)																														
8.000000																														
Interferometer Positions (um)																														
1460.801625	1451.133750	1448.704875	1453.515000	1472.850750	1470.421875	1441.465875	1465.611750	1439.037000	1489.757625	1429.416750	1492.138875	1477.660875	1455.943875	1431.798000	1480.089750	1434.226875	1499.377875	1463.182875	1436.655750	1468.040625	1496.996625	1443.894750	1482.518625	1494.567750	1484.899875	1475.279625	1487.328750	1446.276000	1458.372750	1464.421125
Fringe Signal																														
19.276529	5.657952	4.139771	7.595908	12.654738	13.978644	1.561429	19.083496	1.497623	1.573238	1.341961	1.413359	5.006802	11.889486	1.425203	4.691207	1.301421	1.256113	20.427859	1.302437	18.739322	1.354042	2.095976	3.020698	1.399546	2.603444	7.507099	1.997116	2.194242	14.393042	21.070629
Laser Intensity Signal																														
44478.241178	50145.068319	50134.049096	50479.976940	35018.334536	29135.289713	35081.116713	35232.080200	35126.888366	29127.982449	34956.295537	35177.916006	29111.088579	35192.527913	50341.813944	44431.650324	44516.913971	44277.323530	44388.909056	44534.413394	35113.141535	35043.223798	35054.315110	34909.719101	35089.971937	35108.565811	35030.697247	29090.106573	34728.412447	29142.784410	34842.469990
Gaussian Fit																														
Amplitude   dAmplitude   Center   dCenter   Width   dWidth																														
19.943550	0.515642	1464.394211	0.282771	8.501424	0.273364																									

																														
Interferometer Scan																														
Monday, June 01, 2015	9:41:53 PM																													
X position (cm)																														
23.833333																														
Y position (cm)																														
8.000000																														
Interferometer Positions (um)																														
1446.276000	1455.943875	1443.894750	1448.704875	1434.226875	1458.372750	1451.133750	1480.089750	1441.465875	1463.182875	1465.611750	1484.899875	1460.754000	1499.377875	1470.421875	1489.757625	1494.567750	1475.279625	1477.660875	1472.850750	1429.416750	1482.518625	1431.798000	1487.328750	1492.138875	1467.993000	1496.996625	1453.515000	1436.655750	1439.037000	1464.373500
Fringe Signal																														
1.798020	8.426865	1.821526	2.245493	1.376298	10.344695	3.495260	7.133630	1.576001	18.060182	19.825817	3.816306	17.109122	1.387080	18.712177	1.891105	1.749719	10.822398	8.649272	14.422031	1.404837	4.949168	1.418771	2.949471	1.575968	19.721608	1.425041	5.288944	1.483081	1.435712	19.672103
Laser Intensity Signal																														
51017.220096	50900.302561	51083.652628	35740.576645	35537.289216	35585.700659	35449.419858	35594.469376	35703.222436	35609.043272	35650.243133	35631.000453	29861.205770	44990.014423	50871.025009	45081.058345	50865.463624	51181.805896	29581.199278	35646.535107	35570.573640	35672.216044	35710.449746	35759.177073	50708.911227	51041.371423	50908.035809	51053.283246	51030.316810	50747.604992	50888.669921
Gaussian Fit																														
Amplitude   dAmplitude   Center   dCenter   Width   dWidth																														
19.609267	0.547694	1466.944266	0.307582	8.851836	0.304239																									

																														
Interferometer Scan																														
Monday, June 01, 2015	9:42:37 PM																													
X position (cm)																														
21.666667																														
Y position (cm)																														
8.000000																														
Interferometer Positions (um)																														
1446.418875	1443.990000	1463.325750	1472.993625	1434.369750	1494.710625	1460.896875	1482.613875	1431.940875	1475.374875	1497.139500	1468.135875	1465.754625	1501.949625	1448.847750	1458.515625	1499.520750	1477.803750	1480.232625	1436.751000	1439.179875	1456.086750	1492.281750	1489.852875	1470.564750	1451.276625	1441.608750	1453.657875	1487.471625	1485.042750	1466.945250
Fringe Signal																														
1.658614	1.589433	16.926202	18.134961	1.320705	1.763277	15.215946	6.308642	1.461125	15.800531	1.531942	21.430496	19.778070	1.341251	1.869604	7.897154	1.401648	10.719524	9.399787	1.381277	1.485144	5.772362	1.843608	2.109918	21.183604	3.007506	1.415927	4.021909	3.607021	4.251647	20.812621
Laser Intensity Signal																														
50750.463672	50886.102221	50892.528681	44942.110228	44787.113656	50831.177810	51042.267955	51001.705103	50649.778094	50835.099484	50967.889838	50572.922716	50935.672340	50867.976274	50684.706161	44826.588611	50744.558879	50684.086190	50934.210888	50909.537894	50714.376929	50937.663324	50533.779374	50866.825462	44790.222684	50635.356242	29682.525798	35820.294636	43391.069716	43319.185900	37388.365332
Gaussian Fit																														
Amplitude   dAmplitude   Center   dCenter   Width   dWidth																														
20.971580	0.527411	1469.005906	0.274372	8.675566	0.269614																									

																														
Interferometer Scan																														
Monday, June 01, 2015	9:43:20 PM																													
X position (cm)																														
19.500000																														
Y position (cm)																														
8.000000																														
Interferometer Positions (um)																														
1443.656625	1462.992375	1479.851625	1470.231375	1496.758500	1491.948375	1484.709375	1477.470375	1465.373625	1458.134625	1460.563500	1448.466750	1503.997500	1453.324500	1467.802500	1487.090625	1438.846500	1501.568625	1494.329625	1441.227750	1433.988750	1455.753375	1499.187375	1450.895625	1475.041500	1482.280500	1436.417625	1489.519500	1472.612625	1446.085500	1468.993125
Fringe Signal																														
1.527211	13.811453	10.582673	19.779508	1.485853	1.727441	4.935425	13.103926	18.811409	8.076108	9.933616	1.690536	1.318087	3.119187	19.956997	4.221263	1.319019	1.300521	1.676322	1.328916	1.345950	4.314924	1.459458	2.474672	18.239986	8.626988	1.367096	2.689161	19.550309	1.574307	20.245550
Laser Intensity Signal																														
50226.562335	44491.809751	50577.583636	50314.320282	50436.230349	44387.338813	50580.490813	50485.255209	44608.575242	44483.296625	44249.139118	50407.667139	42828.173148	43059.622707	36817.233510	36905.121219	36966.592676	37010.046976	36823.797596	42548.103741	42741.940879	42883.809280	42653.675684	42517.849702	36875.177820	42705.842340	42471.393853	36961.905541	43024.536044	36857.234063	42933.527511
Gaussian Fit																														
Amplitude   dAmplitude   Center   dCenter   Width   dWidth																														
20.171258	0.450191	1470.287019	0.252926	8.920973	0.246413																									

																														
Interferometer Scan																														
Monday, June 01, 2015	9:44:04 PM																													
X position (cm)																														
17.333333																														
Y position (cm)																														
8.000000																														
Interferometer Positions (um)																														
1483.566375	1435.274625	1454.610375	1478.756250	1466.659500	1471.517250	1437.703500	1476.327375	1500.473250	1493.234250	1502.854500	1481.137500	1447.371375	1452.181500	1505.283375	1440.132375	1461.849375	1464.230625	1495.615500	1456.991625	1469.088375	1498.044375	1442.513625	1449.752625	1488.376500	1444.942500	1485.995250	1459.420500	1473.898500	1490.805375	1470.279000
Fringe Signal																														
7.325269	1.374212	2.426090	14.224269	16.963785	19.443283	1.283242	16.460215	1.500444	1.812080	1.322790	9.733898	1.487882	1.975591	1.279598	1.367602	9.224264	12.664884	1.977170	5.035718	18.657897	1.538105	1.362261	1.643694	4.401108	1.475558	6.220190	7.941279	20.548877	2.515711	20.861879
Laser Intensity Signal																														
29043.678249	34902.198190	29059.961324	50124.664340	44329.998746	34997.217526	29268.939899	34999.364485	35220.775240	34854.031852	35072.057016	35254.809395	42469.991383	36436.668580	36635.500872	42767.996682	42808.617206	36762.196378	42746.424852	42727.619953	36796.048343	50288.510894	44304.210330	44360.437596	50289.132175	50239.440159	50191.727329	50391.928013	44271.229993	50115.295314	50253.407191
Gaussian Fit																														
Amplitude   dAmplitude   Center   dCenter   Width   dWidth																														
19.709705	0.479408	1471.802645	0.272859	8.854101	0.266320																									

																														
Interferometer Scan																														
Monday, June 01, 2015	9:44:47 PM																													
X position (cm)																														
15.166667																														
Y position (cm)																														
8.000000																														
Interferometer Positions (um)																														
1458.515625	1463.373375	1453.705500	1456.134375	1460.944500	1504.378500	1487.471625	1482.661500	1480.232625	1436.798625	1470.612375	1468.183500	1465.754625	1446.466500	1439.227500	1485.090375	1499.568375	1448.895375	1506.807375	1441.608750	1451.276625	1492.329375	1475.422500	1497.139500	1501.997250	1477.851375	1444.037625	1472.993625	1494.710625	1489.900500	1471.803000
Fringe Signal																														
5.031920	9.227077	2.244198	2.758523	6.657256	1.338144	4.534123	9.566288	10.813505	1.377711	20.128561	18.530200	14.341205	1.438880	1.362956	8.514949	1.556441	1.467797	1.344872	1.380149	1.603583	2.935323	17.252692	1.793929	1.292611	15.932528	1.410470	18.994444	2.243108	3.371124	21.098999
Laser Intensity Signal																														
44551.097549	44413.709189	50647.325737	50842.858947	50632.320614	44458.256630	50699.844977	50627.021373	44686.886830	50674.922947	44585.444966	35561.165292	43060.245299	43226.726400	42725.327503	43136.487260	37227.133665	43171.771843	37196.595200	43189.508506	37117.788160	43171.535913	43079.865467	43086.919762	36983.907287	42974.272553	43080.861614	43153.295933	29573.181604	35350.768517	35365.191680
Gaussian Fit																														
Amplitude   dAmplitude   Center   dCenter   Width   dWidth																														
19.473733	0.568273	1472.595007	0.323611	8.667065	0.313912																									

																														
Interferometer Scan																														
Monday, June 01, 2015	9:45:31 PM																													
X position (cm)																														
13.000000																														
Y position (cm)																														
8.000000																														
Interferometer Positions (um)																														
1454.515125	1500.330375	1483.471125	1473.803250	1439.989500	1444.847250	1490.710125	1476.232125	1495.520250	1449.657375	1502.759250	1497.949125	1464.135375	1488.281250	1442.418375	1471.374375	1452.086250	1505.188125	1507.617000	1447.228500	1478.613375	1461.754125	1456.896375	1468.993125	1481.042250	1493.091375	1459.325250	1437.608250	1466.564250	1485.852375	1472.612625
Fringe Signal																														
2.030945	1.510787	8.642673	19.000283	1.413059	1.343728	3.984917	18.755773	2.121866	1.526736	1.434830	1.677014	10.781673	5.167320	1.289153	18.750953	1.778993	1.214243	1.385270	1.296990	16.120491	7.266173	3.515554	15.705428	14.521472	2.616647	5.475240	1.326351	13.057378	7.440571	19.344106
Laser Intensity Signal																														
36890.505380	42981.971722	43103.694356	43106.178171	42906.624983	42805.404631	42938.974863	43082.303406	36912.843981	43053.282755	43035.999601	37214.405263	43006.567383	36666.930627	36862.701076	43196.350464	42976.547963	36974.814822	43063.642685	37018.094797	42997.890417	42961.945231	43002.742702	42976.563692	42873.980191	43062.485320	42908.148040	36969.273098	36966.382961	36934.751355	43053.316833
Gaussian Fit																														
Amplitude   dAmplitude   Center   dCenter   Width   dWidth																														
18.809686	0.421506	1473.799452	0.260036	9.140490	0.253168																									

																														
Interferometer Scan																														
Monday, June 01, 2015	9:46:14 PM																													
X position (cm)																														
10.833333																														
Y position (cm)																														
8.000000																														
Interferometer Positions (um)																														
1462.944750	1455.705750	1474.993875	1460.515875	1499.139750	1458.087000	1508.807625	1450.848000	1443.609000	1467.754875	1453.276875	1494.329625	1438.798875	1446.037875	1441.227750	1501.568625	1491.900750	1477.422750	1470.183750	1487.090625	1496.710875	1482.232875	1472.612625	1503.949875	1465.373625	1489.471875	1506.378750	1448.466750	1484.661750	1479.851625	1473.803250
Fringe Signal																														
8.613907	2.689349	19.030862	6.214462	1.715888	3.463260	1.325343	1.427251	1.347817	14.171089	1.751914	2.668980	1.366494	1.389985	1.285928	1.526143	2.871018	15.821660	20.061229	7.253427	2.281557	11.448456	21.356540	1.457714	13.548178	5.481227	1.338498	1.545611	9.293704	13.299889	19.934899
Laser Intensity Signal																														
44612.833772	50763.652137	51029.994373	44543.753585	50856.445870	50838.412984	50912.667894	44624.368108	50678.562816	50945.766195	43006.749573	43109.772165	43015.772570	37059.757343	37066.978099	37042.708808	37095.085179	42980.168172	50662.208963	50347.545723	50586.959217	50683.724431	50822.621430	50736.457318	50586.821591	44663.945298	50651.463680	50607.738061	50652.554199	50836.058931	44718.298235
Gaussian Fit																														
Amplitude   dAmplitude   Center   dCenter   Width   dWidth																														
19.297587	0.556134	1473.580616	0.335776	9.119665	0.325430																									

																														
Interferometer Scan																														
Monday, June 01, 2015	9:46:58 PM																													
X position (cm)																														
8.666667																														
Y position (cm)																														
8.000000																														
Interferometer Positions (um)																														
1453.086375	1484.423625	1460.325375	1448.228625	1465.135500	1443.418500	1440.989625	1467.564375	1501.330500	1489.281375	1457.896500	1445.799750	1455.467625	1491.662625	1438.560750	1498.949250	1479.613500	1482.042375	1503.759375	1462.706625	1450.657500	1474.803375	1494.091500	1496.520375	1477.184625	1469.945625	1472.374500	1508.569500	1506.188250	1486.852500	1473.565125
Fringe Signal																														
1.956986	10.141400	6.156662	1.424115	11.146288	1.349330	1.318527	13.650278	1.425088	4.129412	3.240150	1.389682	2.038638	3.872769	1.350781	1.581512	14.075994	12.937549	1.437988	8.258741	1.585803	19.219605	2.738746	2.076974	17.199075	19.777679	19.012593	1.374203	1.325701	6.037308	19.238120
Laser Intensity Signal																														
45313.096417	51390.760878	51155.459113	45055.366922	45465.454510	51242.650829	29827.048407	29780.132495	36140.347556	36074.894131	29918.718853	36111.207629	35870.434918	29819.890565	35891.390710	36091.107738	35859.773522	29923.124183	35852.270961	35852.177900	36082.816123	45210.546995	35878.754058	29832.308326	29800.857600	35781.919375	35751.467418	51083.830886	35629.798523	29783.052780	35688.425718
Gaussian Fit																														
Amplitude   dAmplitude   Center   dCenter   Width   dWidth																														
18.945050	0.481382	1473.936264	0.295057	9.093150	0.286054																									

																														
Interferometer Scan																														
Monday, June 01, 2015	9:47:41 PM																													
X position (cm)																														
6.500000																														
Y position (cm)																														
8.000000																														
Interferometer Positions (um)																														
1465.468875	1499.282625	1463.087625	1472.707875	1467.897750	1484.804625	1487.233500	1448.609625	1482.375750	1477.565625	1470.326625	1438.941750	1441.370625	1455.848625	1475.136750	1453.419750	1489.614750	1494.472500	1460.658750	1504.092750	1508.950500	1496.853750	1458.229875	1443.751875	1446.180750	1506.521625	1450.990875	1492.043625	1479.994500	1501.711500	1473.946125
Fringe Signal																														
14.111321	1.490757	10.213254	19.725545	17.290108	8.443668	6.313049	1.462653	11.396351	16.823528	19.935802	1.452101	1.350083	2.300801	20.271572	1.904848	4.621459	2.282248	6.148652	1.392089	1.321757	1.708086	4.027223	1.356882	1.315769	1.296684	1.599885	3.202396	13.101253	1.424626	18.848713
Laser Intensity Signal																														
44662.774825	35300.604641	50755.930685	50759.314964	50653.462528	50681.403146	50933.645967	50777.734513	44672.396820	50751.067914	50849.957806	50771.326403	35267.157688	35139.639050	35597.784187	35441.600102	35263.460147	35600.920740	35483.128955	35479.411753	35289.228902	35282.730353	35457.113784	35507.479511	29356.878725	36916.520550	36955.074068	36896.916111	51071.188992	50880.755794	50872.483840
Gaussian Fit																														
Amplitude   dAmplitude   Center   dCenter   Width   dWidth																														
19.633430	0.460305	1473.193117	0.270161	9.039516	0.262237																									

																														
Interferometer Scan																														
Monday, June 01, 2015	9:48:25 PM																													
X position (cm)																														
4.333333																														
Y position (cm)																														
8.000000																														
Interferometer Positions (um)																														
1474.422375	1459.896750	1447.847625	1486.471500	1505.759625	1488.900375	1471.993500	1440.608625	1503.378375	1445.418750	1469.564625	1467.135750	1498.520625	1438.179750	1450.276500	1452.657750	1484.042625	1481.661375	1500.949500	1491.281625	1455.086625	1443.037500	1496.139375	1493.710500	1508.188500	1462.325625	1457.515500	1476.803625	1479.232500	1464.754500	1473.184125
Fringe Signal																														
20.116859	7.583779	1.450916	6.522001	1.358991	3.538895	20.784787	1.415582	1.296903	1.433659	18.884247	18.293881	1.571989	1.414331	1.609876	1.851433	8.274681	10.394152	1.494200	2.461956	2.823526	1.442355	1.833363	2.007396	1.343545	10.284604	4.987537	17.259596	14.080982	14.660206	20.383663
Laser Intensity Signal																														
51177.888154	50974.796022	36958.214554	37026.797978	43050.981130	43030.001746	43018.311434	43051.303567	36833.857372	42951.458161	43242.753884	37156.069048	43188.985528	43074.234614	43103.231672	43121.531945	36979.376128	43077.177180	43128.199578	37024.605143	37056.100434	42953.012675	43232.391332	43077.209948	37245.140337	43287.706337	43153.294623	43199.650857	43045.734318	43053.820150	43288.470487
Gaussian Fit																														
Amplitude   dAmplitude   Center   dCenter   Width   dWidth																														
20.246785	0.417825	1472.132441	0.235180	8.957501	0.228721																									

																														
Interferometer Scan																														
Monday, June 01, 2015	9:49:08 PM																													
X position (cm)																														
2.166667																														
Y position (cm)																														
8.000000																														
Interferometer Positions (um)																														
1456.420125	1446.799875	1463.706750	1495.044000	1458.849000	1475.755875	1449.181125	1485.423750	1497.472875	1470.945750	1437.132000	1461.277875	1451.610000	1454.038875	1502.283000	1466.088000	1504.711875	1490.233875	1499.901750	1478.184750	1480.566000	1507.140750	1444.371000	1441.942125	1468.516875	1439.560875	1473.327000	1492.662750	1487.805000	1482.994875	1472.136375
Fringe Signal																														
5.846239	1.619950	14.458477	1.798098	7.833407	18.165516	1.711864	6.017094	1.551101	20.801203	1.390621	9.703637	2.215461	2.698110	1.352429	19.007162	1.355737	2.538587	1.512972	12.638492	11.077200	1.326437	1.421352	1.374851	20.244667	1.388781	18.710707	2.146862	3.254966	7.264277	21.350960
Laser Intensity Signal																														
43480.771461	43604.772127	37362.396037	43712.935363	43409.279549	43479.151411	43652.373545	37402.106921	43593.767322	37298.375229	43505.967432	43572.119470	43604.309443	43473.681777	43567.408742	43618.471772	43582.752031	43422.819287	43528.825078	43480.907776	43421.251666	43721.023816	37546.136699	37286.245827	43720.622735	43665.012818	37321.856778	37461.860024	43828.830536	43485.480878	43436.023480
Gaussian Fit																														
Amplitude   dAmplitude   Center   dCenter   Width   dWidth																														
20.551335	0.486806	1470.815863	0.265036	8.798826	0.258175																									

																														
Interferometer Scan																														
Monday, June 01, 2015	9:49:52 PM																													
X position (cm)																														
0.000000																														
Y position (cm)																														
8.000000																														
Interferometer Positions (um)																														
1443.037500	1472.041125	1447.895250	1457.563125	1474.422375	1479.280125	1503.378375	1450.276500	1438.227375	1467.183375	1498.568250	1440.656250	1484.090250	1491.329250	1445.466375	1464.802125	1486.519125	1469.612250	1500.997125	1488.900375	1459.944375	1476.851250	1505.807250	1493.758125	1481.661375	1496.139375	1455.134250	1452.705375	1462.373250	1435.798500	1470.802875
Fringe Signal																														
1.496709	20.110762	2.112069	9.076963	16.761687	10.031879	1.369391	3.142077	1.478167	23.776662	1.351525	1.442001	4.920799	2.023715	1.607495	21.469098	3.605520	22.274391	1.410157	2.029080	15.357202	13.742428	1.293040	1.624515	5.923533	1.495023	6.745051	4.899039	17.959231	1.404312	21.620064
Laser Intensity Signal																														
45919.840502	52203.637965	45780.074496	52230.367478	46104.577311	52020.791214	44566.332047	44695.977984	44558.791475	44446.270095	38386.423562	44724.545126	44505.252495	44533.187871	44341.146419	44438.205235	44252.598108	38344.930099	44327.663043	37977.261343	36858.104381	36939.660001	30611.351798	36728.402084	30425.916375	52329.790833	52326.790595	52396.865618	52519.750861	52146.033132	38430.016799
Gaussian Fit																														
Amplitude   dAmplitude   Center   dCenter   Width   dWidth																														
22.654217	0.468487	1468.157220	0.225063	8.759280	0.223064																									

