
																																								
Interferometer Scan																																								
Wednesday, March 23, 2016	11:24:25 AM																																							
X position (cm)																																								
0.000000																																								
Y position (cm)																																								
0.000000																																								
Interferometer Positions (um)																																								
5486.400000	5476.160625	5488.447875	5433.060000	5437.155750	5443.347000	5447.442750	5484.352125	5445.394875	5463.825750	5494.591500	5480.256375	5455.634250	5478.208500	5502.830625	5504.878500	5496.639375	5439.203625	5474.112750	5441.251500	5459.730000	5457.682125	5482.304250	5453.586375	5490.495750	5506.926375	5498.687250	5492.543625	5435.107875	5465.873625	5500.782750	5472.064875	5469.969375	5451.538500	5511.022125	5508.974250	5467.921500	5449.490625	5461.777875	5431.012125	5471.017125
Fringe Signal																																								
114.905143	172.639089	70.176728	1.923449	1.754247	1.923595	2.005358	134.201120	1.954603	27.091198	24.140302	162.698901	6.766480	224.722186	3.585928	2.681425	9.208709	1.835325	183.505624	1.852501	14.037485	12.646424	141.293552	4.519224	63.142822	2.146760	4.229857	26.904081	1.852714	48.761258	4.502791	188.438152	123.876306	2.601162	1.975209	1.856684	100.795013	2.361215	22.285377	1.768924	79.504706
Laser Intensity Signal																																								
37201.882644	59705.765396	37289.784771	49859.775693	36537.536348	49795.857121	27389.623009	59232.966410	27475.143557	49714.305434	27428.538286	48519.998341	47813.640847	47003.145339	47412.314112	47728.385065	48008.719237	48251.604828	47753.536471	38795.769283	38990.513439	38657.736049	48520.390246	38550.592553	48412.993782	48352.151470	50217.444966	36959.989268	49650.055250	36697.247580	59117.528678	36645.070438	48672.668385	35678.877123	49636.630856	37020.700508	48297.351578	36695.571169	47938.008515	47991.826678	47872.034734
Gaussian Fit																																								
Amplitude   dAmplitude   Center   dCenter   Width   dWidth																																								
190.981543	6.833327	5477.720807	0.303817	7.626192	0.316977																																			

																																								
Interferometer Scan																																								
Wednesday, March 23, 2016	11:25:27 AM																																							
X position (cm)																																								
11.853333																																								
Y position (cm)																																								
0.000000																																								
Interferometer Positions (um)																																								
5457.777375	5449.585875	5496.782250	5498.830125	5492.638875	5468.064375	5451.633750	5447.538000	5509.069500	5472.160125	5463.921000	5482.399500	5470.112250	5465.968875	5465.968875	5502.925875	5511.117375	5461.873125	5443.442250	5455.729500	5437.251000	5517.261000	5494.686750	5500.878000	5459.825250	5490.591000	5453.681625	5484.447375	5445.490125	5474.208000	5507.021625	5478.303750	5439.346500	5486.495250	5480.351625	5488.543125	5441.394375	5504.973750	5515.213125	5476.255875	5477.256000
Fringe Signal																																								
1.434281	1.478301	80.913292	126.243125	51.697746	1.562019	1.497165	1.526524	272.109276	1.589298	1.468320	3.136471	1.454799	1.516753	1.460606	231.158613	232.852086	1.525683	1.388739	1.585892	1.432652	93.566381	78.676739	140.803638	1.516332	19.797407	1.427277	4.867949	1.502240	1.500537	273.236809	2.070140	1.415373	6.850464	2.444343	11.715957	1.462555	242.569949	132.752411	1.964695	1.868185
Laser Intensity Signal																																								
33067.728896	54101.927526	54277.422449	24765.794877	45615.589622	54039.764009	24419.882762	54240.832389	25258.514186	53343.691735	33010.940641	45832.625193	33329.504584	53556.654899	33335.969055	45348.589404	33710.824489	53122.497249	33361.030021	45246.249697	32587.002675	53294.164869	24700.367667	54584.150589	24284.990013	54499.703521	32988.735734	45538.078884	24826.191544	54775.859118	34153.450701	45865.325036	33670.238044	54660.012442	24775.357891	45973.368996	33548.841779	46222.949745	33932.536709	54481.302323	33606.771671
Gaussian Fit																																								
Amplitude   dAmplitude   Center   dCenter   Width   dWidth																																								
264.316899	4.763377	5507.361062	0.161869	6.945313	0.164988																																			

																																								
Interferometer Scan																																								
Wednesday, March 23, 2016	11:26:28 AM																																							
X position (cm)																																								
23.706667																																								
Y position (cm)																																								
0.000000																																								
Interferometer Positions (um)																																								
5509.688625	5489.162250	5470.731375	5536.358625	5503.545000	5493.258000	5532.262875	5513.784375	5501.497125	5538.406500	5483.018625	5480.970750	5534.310750	5505.592875	5474.827125	5472.779250	5524.071375	5495.353500	5507.640750	5528.167125	5542.502250	5478.922875	5515.832250	5530.215000	5517.880125	5466.635625	5476.875000	5497.401375	5511.736500	5485.066500	5491.210125	5519.928000	5521.975875	5487.114375	5544.550125	5499.449250	5499.449250	5546.598000	5468.683500	5526.119250	5506.593000
Fringe Signal																																								
249.600962	7.950894	3.651142	5.310268	160.903819	23.046228	9.884195	226.768212	135.799672	4.902716	4.473712	3.748693	7.819520	225.014993	3.669134	3.572706	68.339964	34.265360	220.054455	26.889049	3.997502	3.668489	223.753757	15.706037	163.236389	3.580168	3.801779	44.094033	258.811959	5.344064	11.883171	150.829554	89.975072	6.847039	3.705012	91.605192	89.167648	3.639969	3.527338	41.560229	231.579901
Laser Intensity Signal																																								
54295.113236	30994.167235	63021.923697	40520.463155	63780.221092	40705.500119	63247.592980	41228.431524	63762.238013	40823.268311	53620.897219	30759.959921	63428.252140	40953.857966	53274.964132	30979.662807	63843.894559	40437.684634	63405.275218	40440.954880	63178.156278	40691.255214	53872.707502	30942.361027	63321.638175	40364.453396	53384.151040	30997.542339	41254.670828	63316.062372	30941.270508	63351.010099	40789.096530	53616.085565	40658.457068	63331.248374	40796.118057	63423.305482	40519.147192	63281.952195	40989.918495
Gaussian Fit																																								
Amplitude   dAmplitude   Center   dCenter   Width   dWidth																																								
253.911564	3.626645	5510.912939	0.128324	7.842720	0.129918																																			

																																								
Interferometer Scan																																								
Wednesday, March 23, 2016	11:27:29 AM																																							
X position (cm)																																								
35.560000																																								
Y position (cm)																																								
0.000000																																								
Interferometer Positions (um)																																								
5474.398500	5501.068500	5509.260000	5472.350625	5476.446375	5511.307875	5537.977875	5494.924875	5470.302750	5525.690625	5529.786375	5513.355750	5515.451250	5496.972750	5490.829125	5542.073625	5482.590000	5548.264875	5519.547000	5517.499125	5478.494250	5531.834250	5507.212125	5499.020625	5488.781250	5486.733375	5484.637875	5527.738500	5503.116375	5492.877000	5521.594875	5544.169125	5480.542125	5533.882125	5523.642750	5523.642750	5546.217000	5540.025750	5535.930000	5550.312750	5510.307750
Fringe Signal																																								
56.345094	67.459350	12.629063	35.858838	65.515103	9.232404	4.258075	168.935659	24.368433	4.318471	4.369137	5.654891	5.731260	123.954778	243.644611	4.269914	197.845016	4.274017	4.426789	4.286526	120.280278	4.276480	15.452035	79.673981	270.253571	260.604744	236.969949	4.283442	33.936638	205.538760	4.472050	4.307004	163.735979	4.357478	4.320553	4.315061	4.393406	4.353624	4.379422	4.250526	8.597335
Laser Intensity Signal																																								
41055.517409	63493.737021	40382.723523	63400.673280	30877.384704	62015.145247	39809.240269	63694.954824	40791.943414	52109.123256	42146.669527	51123.033211	51123.469681	42051.241247	51824.188457	51085.600358	51454.912758	51354.872054	51611.024753	41968.646226	51434.145710	51233.318502	51191.787028	41965.099418	42306.400420	42328.739021	42363.868938	51244.388844	51046.787318	42752.741212	51942.956728	51961.139036	53237.069906	52204.387697	51984.725443	51912.947794	42591.547556	42526.347100	42351.148401	42476.403425	52080.619028
Gaussian Fit																																								
Amplitude   dAmplitude   Center   dCenter   Width   dWidth																																								
258.530739	3.392955	5487.943561	0.110087	7.283496	0.112061																																			

																																								
Interferometer Scan																																								
Wednesday, March 23, 2016	11:28:25 AM																																							
X position (cm)																																								
35.560000																																								
Y position (cm)																																								
4.233333																																								
Interferometer Positions (um)																																								
5452.110000	5489.019375	5460.301500	5468.540625	5499.306375	5517.737250	5493.115125	5486.971500	5511.593625	5497.258500	5497.258500	5454.157875	5478.780000	5448.014250	5528.024250	5458.253625	5450.062125	5474.684250	5495.163000	5507.497875	5519.785125	5464.397250	5515.689375	5505.450000	5521.833000	5503.402125	5462.349375	5513.641500	5482.875750	5501.354250	5480.827875	5509.545750	5525.976375	5466.445125	5472.636375	5491.067250	5476.732125	5523.880875	5470.588500	5484.923625	5488.019250
Fringe Signal																																								
3.877119	246.627962	4.488043	7.997069	129.389332	4.552536	219.395555	236.184028	10.121615	146.255869	144.549185	3.948254	70.034328	3.863026	3.829998	4.304940	3.872140	31.319286	212.688046	22.084195	4.300738	5.932318	5.559482	29.645423	4.081695	41.569544	4.585836	7.293269	166.887279	83.154981	122.733315	13.510185	3.971012	7.518623	19.546312	250.743497	63.354049	4.090846	16.484446	189.823677	241.554467
Laser Intensity Signal																																								
64146.971034	32328.135475	64331.116708	64383.373804	41566.588109	54486.895165	41893.764792	64462.402355	41319.227720	64356.641669	31943.849411	54527.688704	41512.780431	63864.077025	31597.483786	63815.559414	31841.576550	54676.665139	32348.553871	64089.765970	31895.559864	64437.290271	41741.553500	54488.753766	31809.583186	64239.051735	31859.951534	64070.262456	64459.733729	41543.318897	64510.079795	41498.675773	64281.956844	41537.471775	64196.424499	41786.752369	54567.838679	31756.935496	54781.693133	32292.313498	43821.360742
Gaussian Fit																																								
Amplitude   dAmplitude   Center   dCenter   Width   dWidth																																								
245.553577	3.427045	5489.963144	0.123355	7.389783	0.126380																																			

																																								
Interferometer Scan																																								
Wednesday, March 23, 2016	11:29:26 AM																																							
X position (cm)																																								
23.706667																																								
Y position (cm)																																								
4.233333																																								
Interferometer Positions (um)																																								
5509.545750	5458.301250	5450.062125	5474.684250	5468.540625	5482.923375	5476.732125	5462.397000	5460.349125	5501.354250	5480.827875	5456.253375	5505.450000	5472.636375	5489.067000	5497.258500	5493.162750	5484.971250	5464.444875	5503.402125	5523.928500	5495.210625	5499.306375	5519.832750	5470.588500	5521.880625	5507.497875	5517.784875	5528.024250	5515.737000	5466.492750	5525.976375	5511.641250	5491.114875	5478.780000	5530.072125	5452.110000	5487.019125	5513.689125	5454.205500	5490.067125
Fringe Signal																																								
215.973889	3.426880	3.586700	3.579039	3.618085	3.862630	3.539533	3.463971	3.527756	53.915960	3.539666	3.398448	116.342322	3.437508	5.183354	21.667933	10.362548	3.988408	3.522497	87.481047	109.286627	17.778537	37.723734	195.602002	3.626639	161.194643	183.935555	234.651028	50.614712	261.676857	3.507321	81.502236	264.585436	8.338869	3.593411	33.318086	3.571248	3.952732	277.723256	3.467996	5.811069
Laser Intensity Signal																																								
62632.803697	39976.885289	62594.039153	30578.784338	62041.585091	40057.041060	62318.373765	39911.745126	62226.395300	39964.281405	52826.317783	39831.344251	53040.098836	39930.964214	52688.701358	30471.208305	62453.737062	30541.848248	52770.094449	30733.652460	62697.845555	40043.410883	62334.232166	40242.186813	52831.153029	30883.639460	62496.854508	31480.637030	52952.440504	40440.223498	61096.638546	50659.177267	50698.282598	50183.072645	50010.070712	51153.624105	41336.134697	50573.859881	50926.181417	50349.294223	50820.824433
Gaussian Fit																																								
Amplitude   dAmplitude   Center   dCenter   Width   dWidth																																								
267.383598	3.165982	5514.266010	0.097882	7.171062	0.099111																																			

																																								
Interferometer Scan																																								
Wednesday, March 23, 2016	11:30:27 AM																																							
X position (cm)																																								
11.853333																																								
Y position (cm)																																								
4.233333																																								
Interferometer Positions (um)																																								
5513.212875	5500.878000	5531.643750	5504.973750	5494.734375	5494.734375	5554.218000	5533.691625	5515.260750	5523.452250	5535.739500	5488.590750	5517.308625	5550.122250	5496.782250	5484.495000	5502.925875	5548.074375	5474.208000	5546.026500	5476.255875	5490.638625	5492.686500	5541.930750	5537.787375	5529.595875	5525.500125	5511.165000	5539.882875	5543.978625	5482.447125	5519.356500	5527.548000	5509.069500	5486.542875	5498.830125	5552.170125	5480.351625	5478.303750	5507.021625	5514.213000
Fringe Signal																																								
266.330364	46.278781	33.272181	112.014694	10.541910	9.727857	1.544447	12.687201	293.345635	174.726379	10.048160	2.535593	301.131288	1.586498	16.842958	1.973703	61.794336	1.705706	1.619196	1.927224	1.527163	3.159074	4.524701	3.247515	5.301084	33.986341	95.671422	241.741557	4.439315	2.346194	1.789998	245.021853	58.486945	210.209076	2.317136	19.733252	1.576880	1.780912	1.512566	117.971716	286.699324
Laser Intensity Signal																																								
47425.827635	34370.460058	55728.607068	34734.377533	56039.425966	34604.194202	55835.497595	34567.351173	56460.252283	47389.276897	34518.985605	46766.973256	36926.651105	45121.545175	36363.125391	44971.105976	45060.963697	45156.955587	36395.911741	36037.539922	45054.495293	44984.703386	45175.367270	36099.214541	55347.275366	25628.635300	55731.818332	34883.487662	25480.737587	54840.056873	33904.581673	56198.027018	34868.262339	56279.113400	34679.104471	55612.051292	33924.100915	46834.101780	26033.068442	56866.060370	35479.128637
Gaussian Fit																																								
Amplitude   dAmplitude   Center   dCenter   Width   dWidth																																								
290.756672	4.073456	5515.500738	0.131737	7.025423	0.120361																																			

																																								
Interferometer Scan																																								
Wednesday, March 23, 2016	11:31:29 AM																																							
X position (cm)																																								
0.000000																																								
Y position (cm)																																								
4.233333																																								
Interferometer Positions (um)																																								
5495.401125	5542.549875	5478.970500	5476.922625	5511.784125	5550.741375	5505.640500	5483.066250	5554.884750	5481.018375	5487.162000	5474.874750	5513.832000	5501.544750	5493.305625	5489.209875	5526.166875	5530.262625	5499.496875	5552.836875	5528.214750	5517.927750	5538.454125	5532.310500	5507.688375	5534.358375	5509.736250	5544.597750	5548.693500	5519.975625	5503.592625	5524.119000	5485.114125	5522.023500	5515.879875	5546.645625	5536.406250	5491.257750	5540.502000	5497.449000	5514.879750
Fringe Signal																																								
284.326401	1.768459	17.134667	12.700168	56.590282	1.687550	138.554564	56.566712	1.749925	31.589383	104.291137	7.435902	30.524960	245.422516	272.509004	149.540567	2.285651	1.747733	241.729911	1.702433	1.900395	8.678565	1.755431	1.806256	101.528983	1.736057	54.492741	1.686662	1.705153	5.148767	178.696375	3.163499	86.310736	4.257952	12.542005	1.666742	1.800003	174.322493	1.728343	308.187561	19.646067
Laser Intensity Signal																																								
39737.452134	62330.478264	39475.415613	52473.297633	29800.549581	62143.620710	39659.491820	39291.112653	52425.818112	39500.298322	62603.292836	29696.933233	62434.126070	39892.106609	53285.586207	39577.145836	62377.822781	50824.469545	51522.760868	40937.852764	50825.599386	40977.810063	41120.879084	50975.729254	52681.281372	39586.149171	52935.854653	29644.881920	62477.027246	39558.842941	52797.498982	38859.239588	61098.072474	28745.440952	62251.616174	39148.803850	51997.701571	39325.412884	52370.607964	62875.656520	39260.334326
Gaussian Fit																																								
Amplitude   dAmplitude   Center   dCenter   Width   dWidth																																								
281.486074	5.583807	5497.070891	0.163836	7.161390	0.162464																																			

																																								
Interferometer Scan																																								
Wednesday, March 23, 2016	11:32:24 AM																																							
X position (cm)																																								
0.000000																																								
Y position (cm)																																								
8.466667																																								
Interferometer Positions (um)																																								
5530.977000	5461.206375	5465.302125	5520.690000	5498.115750	5467.350000	5504.307000	5475.589125	5487.876375	5496.067875	5483.780625	5514.546375	5477.637000	5494.020000	5526.833625	5491.972125	5516.594250	5469.397875	5533.024875	5473.541250	5457.110625	5506.354875	5481.732750	5502.259125	5512.498500	5524.785750	5500.211250	5489.924250	5537.120625	5522.737875	5528.929125	5485.828500	5463.254250	5535.072750	5471.493375	5479.684875	5508.402750	5459.158500	5510.450625	5518.642125	5497.115625
Fringe Signal																																								
22.934261	1.680598	1.589129	204.222071	37.721590	1.594097	134.228564	1.616855	2.937823	19.202645	2.447961	263.743174	1.669881	10.994422	59.662445	9.388070	239.833388	1.589216	13.305589	1.689287	1.560719	162.969682	1.874972	92.178937	289.481695	93.347212	70.690960	6.005608	5.482470	99.907781	39.541562	2.679580	1.552947	8.578538	1.536854	1.597496	190.961586	1.658410	281.409745	185.594392	34.865754
Laser Intensity Signal																																								
39035.001897	62117.993513	39235.024323	62438.058230	39182.700380	39306.070589	52397.115965	29466.183598	61964.658934	29315.192586	52343.423631	39854.291026	62096.681206	29561.044337	62233.930629	29378.922414	62369.612431	39017.312420	39175.705068	62086.046024	39017.786900	62451.849626	38841.280102	61467.696824	30035.198607	52770.276639	39518.871224	52243.559875	39242.789028	52483.443917	29364.050985	52307.570196	39017.921905	62094.287831	39150.665073	29323.075256	29751.666278	60453.435474	30102.830449	62441.924854	39270.704742
Gaussian Fit																																								
Amplitude   dAmplitude   Center   dCenter   Width   dWidth																																								
268.845427	5.829339	5513.346297	0.186948	7.476701	0.183929																																			

																																								
Interferometer Scan																																								
Wednesday, March 23, 2016	11:33:25 AM																																							
X position (cm)																																								
11.853333																																								
Y position (cm)																																								
8.466667																																								
Interferometer Positions (um)																																								
5514.355875	5495.877375	5510.212500	5528.691000	5497.925250	5532.786750	5485.638000	5475.351000	5522.547375	5545.121625	5477.398875	5502.021000	5518.451625	5491.781625	5536.882500	5543.073750	5489.733750	5483.542500	5538.930375	5473.303125	5526.643125	5479.446750	5504.068875	5481.494625	5508.164625	5493.829500	5547.169500	5499.973125	5534.834625	5520.499500	5512.260375	5516.403750	5551.265250	5549.217375	5506.116750	5540.978250	5530.738875	5553.313125	5524.595250	5487.685875	5513.308125
Fringe Signal																																								
124.972976	2.701375	49.908200	234.167375	3.592085	125.899553	1.720842	1.681272	276.413504	7.413483	1.728530	7.527313	195.410237	1.974597	64.266986	12.939634	1.747976	1.669409	38.609119	1.699837	245.538451	1.705846	10.936840	1.712325	29.988158	2.180328	4.369691	4.574108	95.155506	280.665102	88.417595	170.754977	2.306870	2.364150	24.068686	21.804087	154.651620	2.137347	257.167282	1.737541	96.540729
Laser Intensity Signal																																								
57681.062134	35761.375150	48596.020101	36218.239713	57255.732183	35882.878894	48508.020982	26697.393766	48846.157906	26656.677560	57494.938583	35840.882115	57835.564564	26633.882829	35791.326413	57621.580349	35493.740544	57259.428413	35789.364265	48254.418944	36262.102958	57552.041411	35824.972595	57467.366277	35856.753623	57380.795843	35749.679596	57497.274286	35937.969766	48790.545367	35950.311506	48539.144028	35647.148524	55295.368233	34577.116037	56956.831662	26855.914865	48311.343514	36308.346470	48081.326572	35710.600479
Gaussian Fit																																								
Amplitude   dAmplitude   Center   dCenter   Width   dWidth																																								
271.504433	4.178280	5523.648146	0.126203	7.355078	0.125736																																			

																																								
Interferometer Scan																																								
Wednesday, March 23, 2016	11:34:27 AM																																							
X position (cm)																																								
23.706667																																								
Y position (cm)																																								
8.466667																																								
Interferometer Positions (um)																																								
5510.069625	5557.266000	5518.308750	5559.313875	5551.122375	5540.835375	5501.878125	5503.926000	5536.739625	5532.643875	5505.973875	5491.638750	5489.590875	5495.734500	5524.452375	5553.170250	5544.978750	5487.543000	5542.930875	5516.260875	5528.548125	5563.409625	5512.117500	5493.686625	5497.782375	5549.074500	5530.596000	5499.830250	5483.399625	5522.404500	5547.026625	5555.218125	5538.787500	5534.691750	5526.500250	5508.021750	5514.213000	5561.361750	5485.495125	5520.356625	5523.404625
Fringe Signal																																								
164.987998	3.524792	249.446112	3.450998	3.541648	5.342281	43.058561	50.430081	13.421963	27.521095	89.702792	6.118037	4.235638	8.727485	152.496788	3.483846	4.065430	4.213410	4.952814	263.986921	83.414324	3.425604	228.856111	7.628694	14.068349	3.519075	41.036182	28.759178	3.706405	197.275669	3.571147	3.511865	6.398386	15.090562	95.351845	141.871406	242.664038	3.513107	3.877298	231.347782	188.576656
Laser Intensity Signal																																								
39827.826278	62221.037076	40075.710956	62039.372595	30283.100324	62264.204329	52743.292846	40052.596408	63058.247680	39478.851011	52932.841308	30557.745971	62389.552415	39308.671058	63779.273441	41022.581637	53632.725156	38501.928141	51832.645222	39643.452539	62713.435259	40804.175053	64267.372462	41355.407524	64163.583099	40926.411489	63987.368591	41089.659044	42763.046093	52786.734039	42594.387886	52377.535119	52437.963244	52384.719176	52318.534369	52902.823199	52854.236119	52440.304189	52521.435136	52884.706427	42872.113725
Gaussian Fit																																								
Amplitude   dAmplitude   Center   dCenter   Width   dWidth																																								
258.583284	3.405866	5516.711872	0.106983	7.338027	0.111698																																			

																																								
Interferometer Scan																																								
Wednesday, March 23, 2016	11:35:28 AM																																							
X position (cm)																																								
35.560000																																								
Y position (cm)																																								
8.466667																																								
Interferometer Positions (um)																																								
5528.452875	5551.027125	5520.261375	5555.122875	5526.405000	5518.213500	5516.165625	5487.447750	5501.782875	5546.931375	5477.160750	5538.692250	5557.170750	5495.639250	5544.883500	5542.788000	5499.735000	5548.979250	5503.830750	5553.075000	5497.687125	5540.740125	5491.543500	5479.208625	5522.309250	5524.357125	5534.596500	5532.548625	5483.304375	5512.022250	5505.878625	5507.926500	5530.500750	5514.070125	5536.644375	5481.256500	5489.495625	5493.591375	5485.352250	5509.974375	5517.165750
Fringe Signal																																								
3.225926	3.261373	3.469501	3.205935	3.335575	3.317361	3.506250	260.805536	54.065017	3.160013	103.307727	3.126749	3.160063	139.881953	3.279890	3.262563	66.520732	3.240535	24.283815	3.253542	91.816021	3.201804	207.952915	138.697820	3.326796	3.236716	3.188259	3.207485	216.494073	5.876948	15.946857	11.917165	3.258464	4.051457	3.287274	175.242654	250.975798	202.263083	248.679710	8.403165	3.730265
Laser Intensity Signal																																								
65255.642235	32261.254676	55564.660900	42098.033951	55365.168005	41979.906621	54158.782628	42878.633247	55588.510761	42044.219720	65127.866696	42591.386337	41451.172659	44098.058977	43778.842296	41363.876086	41564.481782	53853.501522	53970.453135	54062.773699	44330.508616	53913.909985	44381.416980	54167.754506	54039.980278	53664.566477	53710.336819	53931.963843	44402.020188	53916.484239	44040.456765	44079.449375	54250.767647	44169.655747	44080.517612	54186.244833	44613.946573	44383.995167	44489.763717	44063.193825	54275.541565
Gaussian Fit																																								
Amplitude   dAmplitude   Center   dCenter   Width   dWidth																																								
8354.690343	143631.894029	5273.413844	910.104568	77.199924	155.492491																																			

																																								
Interferometer Scan																																								
Wednesday, March 23, 2016	11:36:23 AM																																							
X position (cm)																																								
35.560000																																								
Y position (cm)																																								
12.700000																																								
Interferometer Positions (um)																																								
5509.021875	5513.165250	5482.399500	5521.356750	5457.777375	5478.256125	5527.500375	5465.968875	5523.404625	5455.729500	5511.117375	5515.213125	5468.016750	5449.538250	5461.873125	5463.921000	5453.681625	5472.112500	5459.825250	5496.734625	5504.926125	5484.447375	5498.782500	5525.452500	5476.208250	5506.974000	5500.830375	5502.878250	5519.308875	5480.304000	5447.490375	5517.261000	5470.064625	5494.686750	5494.686750	5486.495250	5451.586125	5488.543125	5490.591000	5492.638875	5487.495375
Fringe Signal																																								
3.832882	3.135010	245.789170	2.716928	4.316148	175.128625	2.802228	20.679004	2.705288	3.421420	3.554591	3.031724	34.767660	2.862290	6.299467	9.667601	3.104927	63.856764	5.011252	66.323931	8.662556	252.235845	38.746324	2.682057	159.395510	5.793986	18.308788	13.995420	2.769962	226.436178	2.847324	2.703935	52.972406	94.546872	94.111651	222.052158	2.869055	207.235280	174.668618	131.843159	211.385490
Laser Intensity Signal																																								
73810.030100	48287.471370	74365.985096	37204.857979	73678.385316	48438.766469	62638.172406	48175.931720	73141.638922	47692.740035	73508.871209	62051.701228	73254.894305	49330.432246	57504.264356	60595.263242	49092.221993	49653.776384	60643.715318	61000.417280	49556.890583	61224.040530	60760.657756	60822.033531	49990.571131	60683.226972	60523.635016	60592.966861	60667.036959	49628.909404	49325.416120	60903.353221	49732.186276	60880.322560	60750.756577	61313.387069	49453.586186	61300.441088	47137.766769	61043.866337	61176.239882
Gaussian Fit																																								
Amplitude   dAmplitude   Center   dCenter   Width   dWidth																																								
242.965562	2.521217	5483.930321	0.097981	7.656980	0.096944																																			

																																								
Interferometer Scan																																								
Wednesday, March 23, 2016	11:37:25 AM																																							
X position (cm)																																								
23.706667																																								
Y position (cm)																																								
12.700000																																								
Interferometer Positions (um)																																								
5453.014875	5471.493375	5500.211250	5498.163375	5479.684875	5510.450625	5465.302125	5473.541250	5494.020000	5475.589125	5448.919125	5491.972125	5477.637000	5524.785750	5469.445500	5483.780625	5467.350000	5512.498500	5487.876375	5461.206375	5504.307000	5444.823375	5496.067875	5450.967000	5508.402750	5481.732750	5459.158500	5516.594250	5522.737875	5455.062750	5446.871250	5463.254250	5489.924250	5457.110625	5485.828500	5514.546375	5520.690000	5502.259125	5506.354875	5518.642125	5484.828375
Fringe Signal																																								
3.313497	3.274199	11.643437	8.429390	3.390097	107.613363	3.380204	3.293374	4.207597	3.222640	3.391045	3.770425	3.342666	220.889356	3.327080	3.331278	3.231052	153.652388	3.471645	3.348245	30.899839	3.309669	4.848718	3.337109	68.466287	3.435964	3.251050	237.958632	266.457693	3.324114	3.212524	3.367665	3.685536	3.218897	3.496471	201.981051	279.730833	23.332464	42.492093	267.699767	3.433524
Laser Intensity Signal																																								
67234.682634	43386.448118	67322.907197	33264.697344	57182.517985	43486.537318	67201.225196	43606.076293	57008.312812	43242.850877	57177.832161	43428.473733	67702.486467	43818.032824	56816.639672	67177.405481	33431.247913	67456.799867	43354.508493	67014.606193	43477.758116	56995.470377	33274.939310	67313.860608	43646.421565	67309.313720	43579.122647	66509.262029	43799.095542	67189.031567	33381.470700	56833.789133	67279.395226	43583.153111	67363.416310	43653.056430	57583.085814	43347.986350	56832.558367	42099.331564	67175.837860
Gaussian Fit																																								
Amplitude   dAmplitude   Center   dCenter   Width   dWidth																																								
272.480592	2.475105	5520.292324	0.129422	7.112540	0.129738																																			

																																								
Interferometer Scan																																								
Wednesday, March 23, 2016	11:38:26 AM																																							
X position (cm)																																								
11.853333																																								
Y position (cm)																																								
12.700000																																								
Interferometer Positions (um)																																								
5485.066500	5499.449250	5511.736500	5524.071375	5546.645625	5519.975625	5493.305625	5532.262875	5487.162000	5550.741375	5483.018625	5522.023500	5548.693500	5489.209875	5538.406500	5536.358625	5478.922875	5552.789250	5556.885000	5544.597750	5534.310750	5558.932875	5497.401375	5480.970750	5515.879875	5542.502250	5540.454375	5526.119250	5513.784375	5501.497125	5517.927750	5503.545000	5528.167125	5530.215000	5509.688625	5507.640750	5505.592875	5554.837125	5495.353500	5491.257750	5518.927875
Fringe Signal																																								
1.861400	1.878842	12.195861	181.935402	31.033933	112.169272	1.858668	293.415248	1.800194	11.976376	1.801892	137.424862	20.912849	1.722670	164.550950	193.256216	1.817646	6.412062	3.402663	43.616472	242.118010	2.286667	2.058824	1.825883	39.411088	87.264173	94.679131	251.940435	30.102274	2.212164	58.271254	2.805226	276.179003	292.770102	10.741975	6.868333	3.819347	5.171084	1.794230	1.796038	77.216159
Laser Intensity Signal																																								
59391.593677	37134.604698	59227.610808	37632.115999	59750.972129	36412.797747	57801.173893	27588.384522	57928.482816	27153.844142	58022.992282	36659.327140	49421.343785	37189.687706	59760.449946	37661.307044	59317.094973	37496.262492	49972.117504	27708.981248	59943.581123	27775.079547	59396.405330	37171.623363	59430.199624	28088.865915	59782.823936	28459.853414	50201.753027	27956.966851	59613.224632	37323.316920	59970.886042	37898.612900	37414.183895	59347.113083	27971.234038	49927.563510	57161.655255	36893.592125	58053.971149
Gaussian Fit																																								
Amplitude   dAmplitude   Center   dCenter   Width   dWidth																																								
286.669613	3.851819	5530.445974	0.107538	7.085754	0.105439																																			

																																								
Interferometer Scan																																								
Wednesday, March 23, 2016	11:39:27 AM																																							
X position (cm)																																								
0.000000																																								
Y position (cm)																																								
12.700000																																								
Interferometer Positions (um)																																								
5551.836750	5510.784000	5560.028250	5498.496750	5533.358250	5519.023125	5521.071000	5508.736125	5566.171875	5506.688250	5514.927375	5543.645250	5516.975250	5525.166750	5531.310375	5541.597375	5492.353125	5502.592500	5557.980375	5504.640375	5549.788875	5539.501875	5527.214625	5570.315250	5512.879500	5490.305250	5564.124000	5496.448875	5529.262500	5535.406125	5523.118875	5562.076125	5553.884625	5555.932500	5545.693125	5568.219750	5500.544625	5494.401000	5537.454000	5547.741000	5530.310250
Fringe Signal																																								
2.455223	77.673594	2.092599	4.216278	137.827239	273.029191	294.372476	50.007241	2.021435	33.138588	154.650859	11.928899	229.741046	317.203605	194.893418	19.851707	2.636477	8.366065	2.129263	20.386816	3.975720	24.770262	257.192967	1.986489	131.894204	2.230679	1.999694	2.931811	226.289275	98.099588	302.691881	1.991413	2.168677	2.259230	6.364628	1.985680	7.705719	2.846320	56.789055	4.917643	170.480836
Laser Intensity Signal																																								
63449.753190	31569.762058	65106.478367	43058.956861	32857.961267	56861.141238	43447.509320	66542.296105	55098.709115	54887.220511	55335.990067	54942.877614	55196.905636	55491.551560	55243.957862	54877.382246	44574.828134	54764.687852	54639.837839	54841.315164	44876.308152	55030.128312	45126.397460	54666.440212	55024.201236	54881.642086	54845.049405	44758.685450	55372.521144	44814.641398	44999.886766	54716.615885	54824.763392	54970.254623	54854.814269	55028.261847	54937.619005	55162.563461	44613.714575	54931.817759	44953.668157
Gaussian Fit																																								
Amplitude   dAmplitude   Center   dCenter   Width   dWidth																																								
306.288981	4.120653	5523.227078	0.113626	7.617314	0.118512																																			

																																								
Interferometer Scan																																								
Wednesday, March 23, 2016	11:40:29 AM																																							
X position (cm)																																								
0.000000																																								
Y position (cm)																																								
0.000000																																								
Interferometer Positions (um)																																								
5536.977750	5559.552000	5508.259875	5506.212000	5502.116250	5491.876875	5500.068375	5504.164125	5553.408375	5495.972625	5545.216875	5498.020500	5514.451125	5520.594750	5534.929875	5561.599875	5539.025625	5549.312625	5518.546875	5547.264750	5512.403250	5493.924750	5532.882000	5541.121125	5555.456250	5530.834125	5530.834125	5487.781125	5516.499000	5557.504125	5483.685375	5485.733250	5522.642625	5526.738375	5551.360500	5543.169000	5489.829000	5524.690500	5528.786250	5563.647750	5523.642750
Fringe Signal																																								
1.819989	1.748869	1.972661	2.163044	3.118941	25.665277	4.095625	2.872558	1.857182	8.982802	1.834899	6.516614	1.816002	1.844515	1.893147	1.889058	1.828647	1.905325	1.869125	1.839858	1.909658	18.501311	1.787506	1.842678	1.795825	1.835481	1.869799	59.230235	1.864729	1.848125	132.255366	118.279643	1.729505	1.775885	1.840111	1.807848	49.717530	1.856024	1.807634	1.908854	1.886859
Laser Intensity Signal																																								
60181.137326	37544.468152	60233.594962	27985.024123	37525.300183	60528.222536	37718.681190	60204.476006	60038.097142	37646.944174	50353.601249	37505.082327	27983.107850	60268.273992	39416.439767	39046.401229	48665.939149	39209.846702	48832.965509	48770.289500	39119.873638	48811.566694	48858.303037	39322.174095	48814.586593	48910.287503	39341.785088	48842.373857	39275.186094	48984.757371	39399.578665	49006.350172	48875.368612	48869.744312	49077.249638	49151.043174	49008.754033	39295.708037	49014.491054	39368.027013	39093.026161
Gaussian Fit																																								
Amplitude   dAmplitude   Center   dCenter   Width   dWidth																																								
-1065.773602	240.323830	5534.515721	170.631198	129.891829	725.044929																																			
